Q7	0.587200014929	2.28996036123	3.2316665428	0.0	2.41558441558	0.458874458876	0.268398268398	0.8455988456	0.005772005772	0.005772005772	0.902383928952	0.0	0.0	0.0	0.0	0.0	0.0	0.0	0.0	0.0	0.0	0.0	0.0	0.0	0.0	0.0	0.0	1.0	0.0	0.0	1.0	0.0	1.0	0.0	0.0	0.0	1.0	0.0	0.0	0.0	0.0	0.0	0.0	0.0	0.0	0.0	1.0	0.0	0.0
Q10	1.06072599355	2.01820684059	0.975869831808	0.0	3.13926940639	0.479452054794	0.559360730595	0.787671232875	0.0342465753425	0.0	1.10321959694	1.0	4.0	0.0	1.0	0.0	3.0	0.0	0.0	0.0	0.0	0.0	0.0	0.0	0.0	0.0	0.0	3.0	2.0	0.0	0.0	1.0	1.0	5.0	1.0	0.0	0.0	0.0	0.0	1.0	0.0	0.0	0.0	0.0	1.0	1.0	0.0	0.0	0.0
Q13	0.545100100614	1.40176078589	1.37704604221	1.0	1.88356164384	0.287671232877	0.335616438357	0.472602739725	0.0205479452055	0.0	0.660616485826	0.0	1.0	0.0	0.0	0.0	1.0	0.0	0.0	1.0	0.0	0.0	0.0	0.0	0.0	0.0	0.0	0.0	2.0	0.0	0.0	0.0	0.0	2.0	0.0	0.0	0.0	0.0	0.0	0.0	0.0	0.0	0.0	0.0	0.0	0.0	0.0	0.0	0.0
Q16	0.0	0.0274714117356	0.164919204968	1.0	0.339711664482	0.30878112713	0.110353866317	0.236435124509	0.00471821756225	0.0	1e-15	0.0	0.0	0.0	0.0	0.0	0.0	0.0	0.0	0.0	0.0	0.0	0.0	0.0	0.0	0.0	0.0	0.0	0.0	0.0	0.0	0.0	0.0	0.0	0.0	0.0	0.0	0.0	0.0	0.0	0.0	0.0	0.0	0.0	0.0	0.0	0.0	0.0	0.0
Q20	0.623716529227	1.62507445483	1.63447538171	1.0	3.01948051948	0.573593073595	0.335497835498	1.056998557	0.007215007215	0.007215007215	0.375737244296	0.0	4.0	0.0	0.0	0.0	3.0	0.0	0.0	0.0	1.0	0.0	0.0	0.0	0.0	0.0	0.0	1.0	1.0	0.0	0.0	0.0	1.0	1.0	0.0	0.0	0.0	0.0	0.0	0.0	0.0	0.0	0.0	0.0	0.0	0.0	0.0	0.0	0.0
Q44	0.971971666969	2.59180704289	2.19056269037	0.0	2.04761904762	0.507936507936	0.460317460316	0.984126984128	0.0	0.0	1.4637563217	0.0	3.0	0.0	1.0	0.0	1.0	0.0	0.0	0.0	0.0	0.0	0.0	0.0	0.0	0.0	0.0	2.0	1.0	0.0	0.0	0.0	0.0	2.0	0.0	1.0	0.0	0.0	0.0	0.0	0.0	0.0	0.0	0.0	0.0	0.0	0.0	0.0	0.0
Q56	0.337429339909	1.56550021469	1.87549280804	0.0	1.88356164384	0.287671232877	0.335616438357	0.472602739725	0.0205479452055	0.0	0.376986109957	0.0	1.0	0.0	0.0	0.0	1.0	0.0	0.0	0.0	0.0	0.0	0.0	0.0	0.0	0.0	0.0	0.0	1.0	0.0	1.0	0.0	1.0	2.0	0.0	1.0	0.0	0.0	0.0	0.0	0.0	0.0	0.0	0.0	0.0	1.0	0.0	0.0	0.0
Q66	1.56428263773	4.26453438816	3.42580770988	0.0	2.6138952164	0.632118451025	0.546697038725	1.17881548975	0.0284738041003	0.0	1.67114301753	0.0	3.0	0.0	1.0	0.0	3.0	1.0	0.0	0.0	1.0	0.0	0.0	0.0	0.0	0.0	0.0	1.0	2.0	0.0	0.0	0.0	3.0	3.0	0.0	0.0	0.0	0.0	0.0	0.0	0.0	0.0	1.0	0.0	1.0	0.0	0.0	0.0	0.0
Q78	0.620363463298	2.81089201366	2.60057420632	0.0	2.51141552512	0.383561643836	0.447488584476	0.6301369863	0.027397260274	0.0	0.592622434021	0.0	4.0	0.0	0.0	0.0	0.0	0.0	0.0	0.0	0.0	0.0	0.0	0.0	0.0	0.0	0.0	2.0	0.0	0.0	2.0	1.0	2.0	1.0	0.0	0.0	0.0	0.0	0.0	0.0	0.0	0.0	0.0	0.0	1.0	0.0	0.0	0.0	3.0
Q84	0.653549311649	3.60349572124	3.36691723474	4.0	3.37466307278	1.33692722372	0.765498652291	2.37196765498	0.150943396226	0.0	0.575524543552	0.0	4.0	0.0	0.0	0.0	0.0	0.0	1.0	0.0	0.0	0.0	0.0	0.0	0.0	0.0	0.0	2.0	2.0	1.0	1.0	1.0	3.0	5.0	0.0	1.0	0.0	0.0	0.0	0.0	0.0	0.0	0.0	0.0	0.0	1.0	0.0	0.0	0.0
Q97	0.654374974121	1.65058906053	2.02454884462	2.0	3.47783933518	0.772853185596	0.590027700831	1.15512465374	0.00415512465374	0.0	0.69113466553	2.0	0.0	0.0	0.0	0.0	0.0	0.0	0.0	0.0	0.0	0.0	0.0	0.0	0.0	0.0	0.0	0.0	1.0	0.0	0.0	0.0	0.0	2.0	1.0	0.0	1.0	0.0	0.0	0.0	0.0	0.0	0.0	0.0	0.0	0.0	0.0	0.0	0.0
Q105	0.742408875342	1.56719788873	2.21546603544	0.0	3.28125	0.182291666667	0.833333333335	0.703125	0.0	0.0	0.441526191282	0.0	3.0	0.0	0.0	0.0	2.0	0.0	0.0	0.0	0.0	0.0	0.0	0.0	0.0	0.0	0.0	0.0	1.0	0.0	0.0	1.0	1.0	2.0	0.0	0.0	0.0	0.0	0.0	0.0	0.0	0.0	0.0	0.0	1.0	0.0	0.0	0.0	0.0
Q115	0.588917963035	2.10707028055	2.55661599842	1.0	2.51141552512	0.383561643836	0.447488584476	0.6301369863	0.027397260274	0.0	0.471140166699	0.0	2.0	0.0	0.0	0.0	1.0	0.0	2.0	0.0	0.0	0.0	0.0	0.0	0.0	0.0	0.0	1.0	0.0	1.0	0.0	0.0	2.0	2.0	0.0	0.0	0.0	0.0	0.0	1.0	0.0	0.0	0.0	0.0	0.0	0.0	0.0	0.0	0.0
Q118	0.140700104274	1.32337765733	0.48666605166	0.0	2.98507462687	0.492537313433	0.820895522388	1.70149253731	0.0	0.0	0.11233007663	1.0	4.0	1.0	0.0	0.0	4.0	0.0	0.0	0.0	0.0	0.0	0.0	0.0	0.0	0.0	0.0	2.0	3.0	0.0	0.0	0.0	3.0	4.0	0.0	0.0	0.0	0.0	0.0	1.0	0.0	0.0	0.0	0.0	0.0	0.0	0.0	0.0	0.0
Q126	0.0990147542977	0.73182411925	0.826600579718	0.0	1.25570776256	0.191780821918	0.223744292238	0.31506849315	0.013698630137	0.0	0.0729630410238	1.0	0.0	1.0	0.0	0.0	0.0	0.0	0.0	0.0	0.0	0.0	0.0	0.0	0.0	0.0	0.0	0.0	1.0	0.0	0.0	0.0	1.0	1.0	0.0	0.0	0.0	0.0	0.0	0.0	0.0	0.0	0.0	0.0	0.0	0.0	0.0	0.0	0.0
Q142	0.188982236505	0.188280952007	0.153542349182	0.0	0.339711664482	0.30878112713	0.110353866317	0.236435124509	0.00471821756225	0.0	0.0977551527358	0.0	1.0	0.0	0.0	0.0	0.0	0.0	0.0	0.0	0.0	0.0	0.0	0.0	0.0	0.0	0.0	0.0	0.0	0.0	0.0	0.0	0.0	0.0	0.0	0.0	0.0	0.0	0.0	0.0	0.0	0.0	0.0	0.0	0.0	0.0	0.0	0.0	0.0
Q153	1.23795743726	3.46998463019	4.4021914504	6.0	4.93457943925	5.53271028037	1.19626168224	4.18691588786	0.14953271028	0.0	1.21508137394	1.0	4.0	0.0	3.0	0.0	1.0	0.0	0.0	0.0	0.0	0.0	0.0	0.0	0.0	0.0	0.0	1.0	1.0	0.0	0.0	1.0	3.0	8.0	0.0	0.0	0.0	0.0	0.0	0.0	0.0	0.0	0.0	0.0	2.0	0.0	0.0	0.0	1.0
Q174	0.0	0.325393024498	0.525133363147	0.0	0.679423328964	0.61756225426	0.220707732634	0.472870249018	0.0094364351245	0.0	2e-15	0.0	0.0	0.0	0.0	0.0	0.0	0.0	0.0	0.0	0.0	0.0	0.0	0.0	0.0	0.0	0.0	0.0	0.0	0.0	1.0	0.0	1.0	1.0	0.0	0.0	1.0	0.0	0.0	0.0	0.0	0.0	0.0	0.0	0.0	0.0	0.0	0.0	0.0
Q189	0.46428754137	2.29656211034	2.50082092925	0.0	3.13926940639	0.479452054794	0.559360730595	0.787671232875	0.0342465753425	0.0	0.390191712991	1.0	4.0	1.0	1.0	0.0	4.0	1.0	0.0	0.0	1.0	0.0	0.0	0.0	0.0	0.0	0.0	0.0	2.0	2.0	1.0	1.0	1.0	3.0	1.0	0.0	1.0	0.0	0.0	1.0	0.0	0.0	0.0	0.0	0.0	0.0	0.0	0.0	0.0
Q209	0.0	-0.111046568427	0.124695937278	0.0	0.339711664482	0.30878112713	0.110353866317	0.236435124509	0.00471821756225	0.0	1e-15	1.0	1.0	0.0	0.0	0.0	0.0	0.0	0.0	0.0	0.0	0.0	0.0	0.0	0.0	0.0	0.0	0.0	0.0	0.0	0.0	0.0	0.0	0.0	0.0	0.0	0.0	0.0	0.0	0.0	0.0	0.0	0.0	0.0	0.0	0.0	0.0	0.0	0.0
Q211	0.407306666682	1.63827686893	1.86736563623	1.0	1.56833712984	0.379271070615	0.328018223235	0.70728929385	0.0170842824602	0.0	0.68189153754	0.0	2.0	0.0	0.0	0.0	2.0	0.0	0.0	0.0	0.0	0.0	0.0	0.0	0.0	0.0	0.0	1.0	1.0	0.0	0.0	0.0	2.0	2.0	0.0	0.0	0.0	0.0	0.0	0.0	0.0	0.0	0.0	0.0	0.0	0.0	0.0	0.0	0.0
Q223	3.81164829831	13.1601556581	7.92695910374	6.0	15.4142066421	5.74815498156	3.08856088561	6.63468634685	0.114391143911	0.0	3.49066964919	3.0	17.0	4.0	7.0	0.0	6.0	0.0	0.0	1.0	1.0	0.0	0.0	0.0	0.0	0.0	0.0	5.0	6.0	6.0	2.0	1.0	4.0	18.0	5.0	0.0	0.0	0.0	0.0	0.0	1.0	0.0	0.0	3.0	3.0	0.0	0.0	1.0	0.0
Q224	0.0	0.0462179647103	0.0713665849732	0.0	0.341395348837	0.262325581395	0.0986046511628	0.29488372093	0.00279069767442	0.0	1e-15	1.0	0.0	0.0	0.0	0.0	0.0	0.0	0.0	0.0	0.0	0.0	0.0	0.0	0.0	0.0	0.0	0.0	0.0	0.0	0.0	0.0	0.0	0.0	0.0	0.0	0.0	0.0	0.0	0.0	0.0	0.0	0.0	0.0	0.0	0.0	0.0	0.0	0.0
Q231	2.00950611377	3.00673312432	2.90070337037	2.0	3.01948051948	0.573593073595	0.335497835498	1.056998557	0.007215007215	0.007215007215	2.18980188669	1.0	3.0	0.0	0.0	0.0	1.0	0.0	0.0	0.0	0.0	0.0	0.0	0.0	0.0	0.0	0.0	0.0	0.0	0.0	0.0	0.0	0.0	1.0	0.0	0.0	0.0	0.0	0.0	0.0	2.0	0.0	2.0	0.0	0.0	0.0	0.0	0.0	0.0
Q258	1.65462384973	3.65214399622	3.49074544916	1.0	3.01948051948	0.573593073595	0.335497835498	1.056998557	0.007215007215	0.007215007215	1.43640674419	0.0	0.0	1.0	0.0	0.0	0.0	0.0	0.0	0.0	0.0	0.0	0.0	0.0	0.0	0.0	0.0	0.0	0.0	1.0	1.0	1.0	1.0	1.0	2.0	0.0	1.0	0.0	0.0	0.0	0.0	0.0	0.0	0.0	1.0	0.0	0.0	0.0	0.0
Q278	1.06313060444	2.76565966236	1.23260135677	1.0	2.35146443515	0.41841004184	0.326359832636	0.89539748954	0.00836820083684	0.0	1.10970424274	0.0	3.0	1.0	0.0	0.0	2.0	0.0	0.0	0.0	0.0	0.0	0.0	0.0	0.0	0.0	0.0	0.0	0.0	0.0	1.0	1.0	0.0	3.0	0.0	0.0	2.0	0.0	0.0	0.0	0.0	0.0	0.0	0.0	0.0	0.0	0.0	0.0	0.0
Q280	1.36522876193	4.11895739027	3.80809687792	0.0	2.71769331586	2.47024901704	0.882830930536	1.89148099607	0.037745740498	0.0	1.69452480096	0.0	4.0	0.0	1.0	0.0	3.0	0.0	0.0	0.0	0.0	0.0	0.0	0.0	0.0	0.0	0.0	3.0	1.0	1.0	0.0	1.0	0.0	4.0	1.0	0.0	0.0	0.0	0.0	0.0	0.0	0.0	0.0	0.0	0.0	0.0	0.0	0.0	0.0
Q296	2.21367637979	6.97107826106	8.17994920525	3.0	6.46652719666	1.15062761506	0.897489539749	2.46234309624	0.0230125523013	0.0	2.23286221058	0.0	7.0	2.0	1.0	0.0	4.0	0.0	0.0	1.0	1.0	0.0	0.0	0.0	0.0	0.0	0.0	6.0	3.0	0.0	1.0	0.0	3.0	5.0	2.0	0.0	0.0	0.0	0.0	0.0	1.0	1.0	0.0	0.0	0.0	3.0	0.0	3.0	1.0
Q314	1.16282981697	3.72474922928	1.41702315657	2.0	3.01948051948	0.573593073595	0.335497835498	1.056998557	0.007215007215	0.007215007215	1.23593878586	0.0	3.0	0.0	0.0	0.0	3.0	0.0	0.0	0.0	0.0	0.0	0.0	0.0	0.0	0.0	0.0	0.0	0.0	1.0	0.0	0.0	1.0	2.0	1.0	1.0	0.0	0.0	0.0	1.0	0.0	0.0	0.0	0.0	0.0	0.0	0.0	1.0	0.0
Q322	1.13062792304	2.52357122021	2.35384719815	0.0	1.73891966759	0.386426592798	0.295013850415	0.577562326869	0.00207756232687	0.0	1.52549119556	0.0	1.0	0.0	0.0	0.0	0.0	0.0	0.0	0.0	0.0	0.0	0.0	0.0	0.0	0.0	0.0	1.0	0.0	0.0	2.0	0.0	0.0	3.0	1.0	0.0	0.0	0.0	0.0	0.0	0.0	0.0	0.0	0.0	0.0	0.0	0.0	0.0	0.0
Q341	0.362133027109	0.910043561649	0.95471657624	0.0	1.49169741698	0.556273062732	0.29889298893	0.642066420663	0.0110701107011	0.0	0.316944130216	1.0	0.0	0.0	0.0	0.0	0.0	0.0	1.0	0.0	0.0	0.0	0.0	0.0	0.0	0.0	0.0	1.0	0.0	0.0	0.0	0.0	1.0	1.0	0.0	0.0	0.0	0.0	0.0	0.0	0.0	0.0	0.0	0.0	0.0	0.0	0.0	0.0	0.0
Q361	0.585015783422	2.84925159732	2.02882426161	0.0	2.10916442048	0.835579514825	0.478436657682	1.48247978437	0.0943396226415	0.0	0.691728185504	0.0	2.0	0.0	0.0	0.0	2.0	0.0	1.0	0.0	1.0	0.0	0.0	0.0	0.0	0.0	0.0	1.0	2.0	0.0	2.0	1.0	3.0	5.0	1.0	0.0	1.0	0.0	0.0	1.0	0.0	0.0	0.0	0.0	1.0	0.0	0.0	1.0	0.0
Q364	0.118585412256	0.523960399795	0.287877191638	1.0	0.679423328964	0.61756225426	0.220707732634	0.472870249018	0.0094364351245	0.0	0.117349948964	1.0	1.0	0.0	0.0	0.0	0.0	0.0	0.0	0.0	0.0	0.0	0.0	0.0	0.0	0.0	0.0	0.0	1.0	0.0	0.0	0.0	0.0	1.0	0.0	0.0	1.0	0.0	0.0	0.0	0.0	0.0	0.0	0.0	0.0	0.0	0.0	0.0	0.0
Q381	1.26402570519	3.8530057945	3.40545849913	0.0	1.69855832241	1.54390563565	0.551769331585	1.18217562254	0.0235910878113	0.0	1.0487178148	0.0	3.0	1.0	0.0	0.0	1.0	0.0	0.0	0.0	1.0	0.0	0.0	0.0	0.0	0.0	0.0	0.0	3.0	0.0	0.0	0.0	2.0	4.0	0.0	0.0	0.0	0.0	0.0	0.0	0.0	0.0	0.0	1.0	1.0	0.0	0.0	0.0	0.0
Q386	0.28275402725	1.20664626188	0.616495609959	1.0	1.20779220779	0.229437229438	0.134199134199	0.4227994228	0.002886002886	0.002886002886	0.329610330269	0.0	0.0	0.0	0.0	0.0	0.0	0.0	0.0	0.0	0.0	0.0	0.0	0.0	0.0	0.0	0.0	0.0	1.0	0.0	0.0	0.0	1.0	1.0	2.0	0.0	0.0	0.0	1.0	1.0	0.0	0.0	0.0	0.0	1.0	0.0	0.0	0.0	0.0
Q407	1.66649023225	8.14644128964	13.5582265268	10.0	9.17221494101	8.33709043251	2.97955439056	6.38374836174	0.127391874181	0.0	2.40045066174	2.0	7.0	3.0	2.0	0.0	3.0	0.0	3.0	0.0	0.0	0.0	0.0	0.0	0.0	0.0	0.0	5.0	3.0	2.0	1.0	1.0	9.0	15.0	6.0	1.0	0.0	0.0	1.0	3.0	0.0	1.0	0.0	0.0	0.0	2.0	0.0	1.0	0.0
Q414	1.73007307434	3.5574882922	3.38533224576	5.0	2.53099730458	1.00269541779	0.574123989218	1.77897574124	0.11320754717	0.0	1.84475751166	0.0	3.0	0.0	0.0	0.0	1.0	0.0	0.0	0.0	0.0	0.0	0.0	0.0	0.0	0.0	0.0	0.0	1.0	1.0	0.0	0.0	1.0	3.0	0.0	0.0	1.0	0.0	0.0	0.0	0.0	0.0	0.0	0.0	1.0	1.0	0.0	0.0	0.0
Q424	0.706018086497	1.22162342018	1.21449276981	1.0	1.20779220779	0.229437229438	0.134199134199	0.4227994228	0.002886002886	0.002886002886	0.637015179052	0.0	1.0	0.0	0.0	0.0	1.0	1.0	0.0	0.0	0.0	0.0	0.0	0.0	0.0	0.0	0.0	0.0	0.0	0.0	0.0	0.0	1.0	0.0	0.0	0.0	0.0	0.0	0.0	0.0	0.0	0.0	1.0	0.0	1.0	0.0	0.0	0.0	0.0
Q430	0.0402911482013	0.0135911875293	0.144103038637	1.0	0.339711664482	0.30878112713	0.110353866317	0.236435124509	0.00471821756225	0.0	1e-15	0.0	0.0	0.0	1.0	0.0	0.0	0.0	0.0	0.0	0.0	0.0	0.0	0.0	0.0	0.0	0.0	0.0	0.0	0.0	0.0	0.0	0.0	0.0	0.0	0.0	0.0	0.0	0.0	0.0	0.0	0.0	0.0	0.0	0.0	0.0	0.0	0.0	0.0
Q435	0.214834462212	1.14787852747	1.17775480008	0.0	1.81168831169	0.344155844157	0.201298701299	0.6341991342	0.004329004329	0.004329004329	0.231861427699	0.0	2.0	0.0	0.0	0.0	1.0	0.0	0.0	0.0	0.0	0.0	0.0	0.0	0.0	0.0	0.0	1.0	0.0	1.0	0.0	0.0	1.0	0.0	0.0	0.0	0.0	0.0	0.0	0.0	0.0	0.0	0.0	0.0	0.0	0.0	0.0	0.0	0.0
Q444	0.0	0.0484772454071	0.667088849566	1.0	0.579639889197	0.128808864266	0.0983379501385	0.192520775623	0.000692520775623	0.0	1e-15	0.0	0.0	0.0	0.0	0.0	0.0	0.0	0.0	0.0	0.0	0.0	0.0	0.0	0.0	0.0	0.0	0.0	0.0	0.0	0.0	0.0	0.0	1.0	0.0	0.0	0.0	0.0	0.0	0.0	0.0	0.0	0.0	0.0	0.0	0.0	0.0	0.0	0.0
Q453	0.883764792232	1.75448752056	1.24841852525	3.0	1.81168831169	0.344155844157	0.201298701299	0.6341991342	0.004329004329	0.004329004329	0.574720442373	0.0	0.0	0.0	0.0	0.0	0.0	0.0	0.0	0.0	0.0	0.0	0.0	0.0	0.0	0.0	0.0	1.0	0.0	0.0	2.0	0.0	0.0	1.0	0.0	0.0	0.0	0.0	0.0	0.0	0.0	0.0	0.0	0.0	0.0	0.0	0.0	0.0	0.0
Q458	0.596356111813	2.66102850119	3.46322877051	1.0	5.21675900277	1.15927977839	0.885041551246	1.73268698061	0.00623268698061	0.0	0.535998568692	0.0	6.0	0.0	0.0	0.0	1.0	0.0	0.0	0.0	0.0	0.0	0.0	0.0	0.0	0.0	0.0	1.0	2.0	1.0	1.0	0.0	6.0	2.0	0.0	0.0	0.0	0.0	0.0	0.0	0.0	0.0	1.0	0.0	1.0	0.0	0.0	0.0	0.0
Q461	0.356151533757	2.32449567459	1.0702315469	1.0	3.76712328767	0.575342465753	0.671232876714	0.94520547945	0.0410958904109	0.0	0.604576474626	0.0	3.0	1.0	0.0	0.0	0.0	0.0	0.0	0.0	0.0	0.0	0.0	0.0	0.0	0.0	0.0	2.0	0.0	0.0	1.0	1.0	0.0	1.0	0.0	0.0	0.0	0.0	0.0	0.0	1.0	0.0	0.0	0.0	0.0	0.0	0.0	0.0	0.0
Q476	0.575267433786	1.54699471899	1.70346523067	0.0	1.04555808656	0.25284738041	0.21867881549	0.4715261959	0.0113895216401	0.0	0.53714069143	0.0	1.0	0.0	0.0	0.0	0.0	0.0	0.0	0.0	0.0	0.0	0.0	0.0	0.0	0.0	0.0	0.0	1.0	0.0	0.0	0.0	0.0	2.0	0.0	0.0	0.0	0.0	0.0	0.0	0.0	0.0	0.0	0.0	0.0	0.0	0.0	0.0	0.0
Q478	2.1748426905	4.5118939927	4.39625259959	0.0	2.03826998689	1.85268676278	0.662123197902	1.41861074705	0.0283093053735	0.0	2.1266942951	0.0	4.0	1.0	0.0	0.0	2.0	1.0	0.0	0.0	0.0	0.0	0.0	0.0	0.0	0.0	0.0	2.0	1.0	1.0	0.0	0.0	2.0	1.0	1.0	0.0	0.0	0.0	0.0	1.0	0.0	0.0	0.0	0.0	0.0	0.0	0.0	0.0	0.0
Q482	0.405755733498	2.89450230885	2.59463970511	1.0	2.37798165137	2.16146788991	0.772477064219	1.65504587156	0.0330275229358	0.0	0.418086363514	1.0	1.0	0.0	0.0	0.0	1.0	0.0	0.0	0.0	0.0	0.0	0.0	0.0	0.0	0.0	0.0	2.0	0.0	0.0	3.0	0.0	0.0	2.0	2.0	0.0	0.0	0.0	0.0	0.0	0.0	0.0	0.0	0.0	0.0	0.0	0.0	0.0	0.0
Q499	1.98278012428	4.87469152122	4.4339059058	0.0	4.7029288703	0.83682008368	0.652719665272	1.79079497908	0.0167364016737	0.0	1.55028113235	0.0	6.0	0.0	0.0	0.0	3.0	0.0	0.0	0.0	1.0	0.0	0.0	0.0	0.0	0.0	0.0	2.0	2.0	1.0	3.0	1.0	2.0	5.0	1.0	0.0	0.0	0.0	2.0	0.0	0.0	0.0	2.0	0.0	1.0	0.0	0.0	0.0	1.0
Q501	0.754514941639	2.35518614983	1.65595422454	1.0	1.81168831169	0.344155844157	0.201298701299	0.6341991342	0.004329004329	0.004329004329	0.765971879336	0.0	0.0	0.0	0.0	0.0	0.0	0.0	0.0	0.0	0.0	0.0	0.0	0.0	0.0	0.0	0.0	1.0	0.0	0.0	0.0	0.0	0.0	1.0	0.0	0.0	0.0	0.0	0.0	0.0	0.0	0.0	1.0	0.0	1.0	0.0	0.0	0.0	0.0
Q542	0.657363480285	1.88320504264	2.33698543511	0.0	1.81168831169	0.344155844157	0.201298701299	0.6341991342	0.004329004329	0.004329004329	0.543443654968	0.0	2.0	0.0	0.0	0.0	1.0	0.0	0.0	0.0	0.0	0.0	0.0	0.0	0.0	0.0	0.0	0.0	0.0	0.0	0.0	1.0	0.0	2.0	0.0	0.0	0.0	0.0	0.0	0.0	0.0	0.0	0.0	0.0	0.0	0.0	0.0	0.0	0.0
Q543	0.27335357886	1.70592968166	1.10901628771	1.0	1.56833712984	0.379271070615	0.328018223235	0.70728929385	0.0170842824602	0.0	0.34532224685	0.0	2.0	0.0	0.0	0.0	2.0	0.0	0.0	0.0	0.0	0.0	0.0	0.0	0.0	0.0	0.0	1.0	1.0	0.0	0.0	0.0	2.0	2.0	0.0	0.0	0.0	0.0	0.0	0.0	1.0	0.0	0.0	0.0	0.0	0.0	0.0	0.0	0.0
Q545	1.22860458916	4.90957552817	6.64232185971	2.0	6.4865116279	4.98418604651	1.87348837209	5.60279069767	0.053023255814	0.0	1.24079267243	3.0	12.0	0.0	0.0	0.0	8.0	0.0	0.0	0.0	0.0	0.0	0.0	0.0	0.0	0.0	0.0	3.0	4.0	0.0	1.0	2.0	2.0	7.0	6.0	1.0	0.0	0.0	0.0	3.0	2.0	0.0	1.0	1.0	0.0	2.0	0.0	0.0	0.0
Q562	2.45370309399	12.0141968168	7.12498511082	4.0	8.87627906976	6.82046511627	2.56372093023	7.66697674418	0.0725581395349	0.0	3.49396725727	1.0	10.0	2.0	2.0	0.0	3.0	0.0	0.0	2.0	0.0	0.0	0.0	0.0	0.0	0.0	0.0	5.0	3.0	1.0	1.0	1.0	3.0	12.0	2.0	1.0	0.0	0.0	0.0	3.0	0.0	0.0	0.0	0.0	1.0	1.0	0.0	0.0	0.0
Q575	1.70031720954	3.97212862682	4.12928403375	0.0	3.13926940639	0.479452054794	0.559360730595	0.787671232875	0.0342465753425	0.0	1.50312591068	0.0	1.0	0.0	0.0	0.0	1.0	0.0	1.0	0.0	0.0	0.0	0.0	0.0	0.0	0.0	0.0	0.0	1.0	0.0	1.0	0.0	2.0	2.0	0.0	0.0	0.0	0.0	0.0	0.0	0.0	0.0	0.0	0.0	0.0	0.0	0.0	1.0	0.0
Q596	1.33392265072	1.90678109341	2.11557333017	2.0	1.69855832241	1.54390563565	0.551769331585	1.18217562254	0.0235910878113	0.0	1.20908804529	0.0	4.0	0.0	0.0	0.0	2.0	0.0	0.0	0.0	0.0	0.0	0.0	0.0	0.0	0.0	0.0	1.0	0.0	0.0	0.0	0.0	0.0	0.0	0.0	0.0	0.0	0.0	0.0	0.0	0.0	0.0	0.0	0.0	0.0	0.0	0.0	0.0	0.0
Q609	1.49855825875	4.82648899459	6.72471045053	3.0	5.06199460916	2.00539083558	1.14824797844	3.55795148248	0.22641509434	0.0	1.23510837675	2.0	5.0	0.0	0.0	0.0	2.0	0.0	0.0	0.0	0.0	0.0	0.0	0.0	0.0	0.0	0.0	2.0	1.0	0.0	1.0	0.0	2.0	6.0	0.0	0.0	4.0	0.0	0.0	0.0	0.0	0.0	0.0	0.0	0.0	2.0	0.0	0.0	0.0
Q611	1.40909286856	2.47141588373	3.4000032057	2.0	3.47783933518	0.772853185596	0.590027700831	1.15512465374	0.00415512465374	0.0	1.72774265697	1.0	0.0	0.0	0.0	0.0	0.0	0.0	0.0	0.0	0.0	0.0	0.0	0.0	0.0	0.0	0.0	0.0	1.0	0.0	1.0	0.0	1.0	4.0	0.0	0.0	0.0	0.0	0.0	0.0	0.0	0.0	0.0	0.0	0.0	0.0	0.0	0.0	0.0
Q612	0.690121520842	3.49409619273	3.11137326691	0.0	3.76712328767	0.575342465753	0.671232876714	0.94520547945	0.0410958904109	0.0	0.807519521523	0.0	4.0	0.0	0.0	0.0	4.0	0.0	0.0	0.0	2.0	0.0	0.0	0.0	0.0	0.0	0.0	1.0	4.0	1.0	2.0	0.0	1.0	4.0	0.0	0.0	1.0	0.0	0.0	0.0	0.0	0.0	0.0	0.0	0.0	1.0	0.0	0.0	0.0
Q617	0.561069967998	1.81631264475	1.70470935	1.0	1.56833712984	0.379271070615	0.328018223235	0.70728929385	0.0170842824602	0.0	0.579948234638	0.0	1.0	0.0	0.0	0.0	1.0	0.0	0.0	0.0	0.0	0.0	0.0	0.0	0.0	0.0	0.0	1.0	1.0	1.0	1.0	0.0	2.0	2.0	0.0	0.0	0.0	0.0	0.0	0.0	0.0	0.0	0.0	0.0	0.0	0.0	0.0	0.0	0.0
Q619	0.72806566564	2.76322873655	2.04240044871	0.0	2.41558441558	0.458874458876	0.268398268398	0.8455988456	0.005772005772	0.005772005772	0.747071420281	0.0	2.0	0.0	1.0	0.0	2.0	0.0	0.0	0.0	0.0	0.0	0.0	0.0	0.0	0.0	0.0	2.0	1.0	0.0	0.0	0.0	0.0	2.0	0.0	0.0	0.0	0.0	0.0	1.0	1.0	1.0	0.0	1.0	1.0	0.0	0.0	0.0	0.0
Q625	0.480758496047	4.38286202457	1.56755364141	3.0	3.05740498034	2.77903014417	0.993184796853	2.12791612058	0.0424639580603	0.0	0.288748037369	1.0	8.0	0.0	0.0	0.0	3.0	0.0	0.0	0.0	0.0	0.0	0.0	0.0	0.0	0.0	0.0	2.0	2.0	0.0	1.0	1.0	2.0	5.0	1.0	0.0	0.0	0.0	1.0	0.0	2.0	0.0	0.0	0.0	0.0	1.0	0.0	0.0	0.0
Q627	0.0	0.431710263792	0.123758134661	0.0	0.339711664482	0.30878112713	0.110353866317	0.236435124509	0.00471821756225	0.0	1e-15	0.0	1.0	0.0	0.0	0.0	1.0	0.0	0.0	0.0	0.0	0.0	0.0	0.0	0.0	0.0	0.0	1.0	0.0	0.0	0.0	0.0	0.0	0.0	0.0	0.0	0.0	0.0	0.0	0.0	0.0	0.0	0.0	0.0	0.0	0.0	0.0	0.0	0.0
Q643	0.845769813092	1.72009918417	1.88465456902	0.0	1.20779220779	0.229437229438	0.134199134199	0.4227994228	0.002886002886	0.002886002886	0.669031834859	0.0	1.0	0.0	0.0	0.0	1.0	0.0	0.0	0.0	0.0	0.0	0.0	0.0	0.0	0.0	0.0	0.0	0.0	0.0	0.0	0.0	1.0	0.0	1.0	0.0	0.0	0.0	0.0	0.0	0.0	0.0	2.0	0.0	0.0	0.0	0.0	0.0	0.0
Q652	0.755480381373	2.36938436843	1.63987822449	2.0	2.6138952164	0.632118451025	0.546697038725	1.17881548975	0.0284738041003	0.0	0.708053963455	0.0	2.0	0.0	1.0	0.0	2.0	0.0	0.0	0.0	0.0	0.0	0.0	0.0	0.0	0.0	0.0	2.0	1.0	0.0	0.0	0.0	0.0	1.0	1.0	0.0	0.0	0.0	0.0	0.0	0.0	0.0	0.0	0.0	0.0	0.0	0.0	0.0	0.0
Q667	3.16521922128	19.5140415815	26.0830560193	2.0	20.2479784367	8.02156334232	4.59299191375	14.2318059299	0.905660377358	0.0	3.75068706475	11.0	31.0	2.0	12.0	2.0	18.0	4.0	2.0	1.0	2.0	0.0	0.0	0.0	0.0	0.0	1.0	10.0	5.0	4.0	1.0	2.0	11.0	30.0	17.0	2.0	0.0	0.0	0.0	3.0	4.0	2.0	0.0	0.0	4.0	5.0	0.0	1.0	0.0
Q672	0.715782817703	1.55906756811	1.79310279047	1.0	2.37974683544	0.92405063291	0.392405063291	1.29113924051	0.0126582278481	0.0	0.273265295268	2.0	3.0	0.0	0.0	0.0	0.0	0.0	0.0	0.0	0.0	0.0	0.0	0.0	0.0	0.0	0.0	0.0	1.0	0.0	0.0	0.0	0.0	1.0	1.0	0.0	1.0	0.0	0.0	0.0	0.0	0.0	0.0	0.0	0.0	0.0	0.0	0.0	0.0
Q673	0.878857429954	2.44711503332	2.73312923308	1.0	2.81124497992	0.176706827309	0.465863453816	0.546184738956	0.0	0.0	0.982140906534	0.0	4.0	0.0	0.0	0.0	2.0	0.0	0.0	0.0	0.0	0.0	0.0	0.0	0.0	0.0	0.0	2.0	0.0	0.0	0.0	0.0	1.0	3.0	0.0	0.0	0.0	0.0	0.0	1.0	0.0	0.0	0.0	0.0	0.0	1.0	0.0	0.0	0.0
Q693	3.62806566047	10.4041413996	10.6930853788	0.0	15.6502770083	3.47783933518	2.65512465374	5.19806094182	0.0186980609418	0.0	5.17588760592	2.0	13.0	0.0	3.0	0.0	6.0	0.0	1.0	1.0	1.0	0.0	0.0	0.0	0.0	0.0	0.0	5.0	3.0	0.0	2.0	0.0	3.0	10.0	5.0	0.0	1.0	0.0	2.0	1.0	0.0	0.0	0.0	0.0	0.0	0.0	0.0	0.0	0.0
Q757	1.82264815909	7.11182586964	8.09409590653	4.0	6.79612756264	1.64350797266	1.42141230069	3.06492027335	0.0740318906606	0.0	1.62442598321	2.0	9.0	0.0	2.0	0.0	6.0	0.0	0.0	2.0	0.0	0.0	0.0	0.0	0.0	0.0	0.0	4.0	3.0	1.0	2.0	1.0	1.0	6.0	5.0	0.0	1.0	0.0	0.0	3.0	0.0	0.0	0.0	0.0	3.0	4.0	0.0	0.0	0.0
Q764	0.138013111868	0.94838934744	0.392157299375	0.0	1.25570776256	0.191780821918	0.223744292238	0.31506849315	0.013698630137	0.0	0.084654439855	0.0	2.0	0.0	0.0	0.0	1.0	0.0	0.0	0.0	0.0	0.0	0.0	0.0	0.0	0.0	0.0	0.0	0.0	0.0	0.0	0.0	0.0	0.0	0.0	0.0	0.0	0.0	0.0	0.0	1.0	0.0	0.0	0.0	0.0	0.0	0.0	0.0	1.0
Q768	1.75225391159	3.90429086322	4.28474856415	0.0	3.48258706468	0.574626865672	0.957711442786	1.98507462686	0.0	0.0	1.71843735807	0.0	6.0	0.0	0.0	0.0	2.0	0.0	0.0	0.0	0.0	0.0	0.0	0.0	0.0	0.0	0.0	2.0	0.0	1.0	0.0	0.0	1.0	1.0	0.0	0.0	0.0	0.0	0.0	0.0	2.0	0.0	0.0	0.0	0.0	2.0	1.0	0.0	0.0
Q773	0.585390413087	1.8394878239	1.80893927725	1.0	2.20512820513	0.205128205128	0.615384615384	0.97435897436	0.0	0.0	0.664146725438	0.0	3.0	0.0	0.0	0.0	3.0	0.0	0.0	0.0	0.0	0.0	0.0	0.0	0.0	0.0	0.0	0.0	0.0	0.0	0.0	0.0	1.0	1.0	1.0	0.0	0.0	0.0	0.0	0.0	0.0	1.0	0.0	0.0	0.0	0.0	0.0	0.0	0.0
Q803	0.103509833901	0.952053120203	0.573650730663	0.0	1.25570776256	0.191780821918	0.223744292238	0.31506849315	0.013698630137	0.0	0.0888109321684	0.0	2.0	0.0	0.0	0.0	2.0	0.0	0.0	0.0	0.0	0.0	0.0	0.0	0.0	0.0	0.0	2.0	1.0	0.0	0.0	1.0	1.0	2.0	1.0	0.0	1.0	0.0	0.0	0.0	0.0	0.0	0.0	0.0	0.0	0.0	0.0	0.0	0.0
Q820	4.34582513728	18.9390395215	12.0978939476	2.0	20.2479784367	8.02156334232	4.59299191375	14.2318059299	0.905660377358	0.0	4.11584236341	1.0	26.0	1.0	8.0	0.0	19.0	0.0	1.0	0.0	2.0	0.0	0.0	0.0	0.0	0.0	0.0	5.0	8.0	2.0	2.0	1.0	10.0	24.0	5.0	1.0	0.0	0.0	0.0	4.0	2.0	2.0	0.0	0.0	3.0	4.0	1.0	0.0	0.0
Q874	1.6855919217	3.57311408378	3.06139592792	1.0	4.22727272727	0.803030303033	0.469696969697	1.4797979798	0.010101010101	0.010101010101	1.60364041207	0.0	0.0	0.0	0.0	0.0	0.0	0.0	0.0	0.0	0.0	0.0	0.0	0.0	0.0	0.0	0.0	0.0	1.0	0.0	1.0	1.0	4.0	2.0	0.0	0.0	0.0	0.0	0.0	0.0	0.0	0.0	0.0	0.0	0.0	0.0	0.0	0.0	0.0
Q877	0.258198889747	0.527807217124	0.199170478736	0.0	0.603896103896	0.114718614719	0.0670995670996	0.2113997114	0.001443001443	0.001443001443	0.155615832129	0.0	1.0	0.0	0.0	0.0	0.0	0.0	0.0	0.0	0.0	0.0	0.0	0.0	0.0	0.0	0.0	0.0	0.0	0.0	0.0	0.0	0.0	0.0	0.0	0.0	0.0	0.0	0.0	0.0	0.0	0.0	0.0	0.0	0.0	0.0	0.0	0.0	0.0
Q878	0.579459067002	1.75352700903	1.19095152226	0.0	1.26549865229	0.501347708895	0.287061994609	0.889487870619	0.0566037735849	0.0	0.459207711387	0.0	0.0	0.0	0.0	0.0	0.0	0.0	0.0	0.0	0.0	0.0	0.0	0.0	0.0	0.0	0.0	0.0	0.0	0.0	1.0	1.0	0.0	3.0	0.0	0.0	0.0	0.0	0.0	0.0	1.0	0.0	0.0	1.0	0.0	0.0	0.0	0.0	0.0
Q886	0.521292368839	1.37994125121	1.21436808577	1.0	1.35884665793	1.23512450852	0.441415465268	0.945740498036	0.018872870249	0.0	0.561341092047	1.0	1.0	0.0	0.0	0.0	0.0	0.0	0.0	0.0	0.0	0.0	0.0	0.0	0.0	0.0	0.0	0.0	0.0	0.0	0.0	0.0	0.0	0.0	0.0	0.0	0.0	0.0	0.0	0.0	0.0	0.0	0.0	0.0	0.0	1.0	0.0	0.0	0.0
Q890	1.74906031495	4.54130538013	4.80150077908	1.0	5.65068493151	0.86301369863	1.00684931507	1.41780821918	0.0616438356164	0.0	1.88381749451	0.0	2.0	0.0	1.0	0.0	1.0	0.0	0.0	0.0	0.0	0.0	0.0	0.0	0.0	0.0	0.0	2.0	0.0	0.0	3.0	0.0	3.0	2.0	0.0	0.0	0.0	0.0	0.0	0.0	1.0	2.0	0.0	0.0	0.0	0.0	0.0	0.0	0.0
Q907	1.26121535176	4.34910496024	3.84566429534	0.0	3.62337662338	0.688311688314	0.402597402598	1.2683982684	0.008658008658	0.008658008658	1.38849794816	0.0	3.0	0.0	0.0	0.0	1.0	0.0	0.0	0.0	0.0	0.0	0.0	0.0	0.0	1.0	0.0	0.0	0.0	3.0	0.0	0.0	1.0	0.0	0.0	0.0	0.0	0.0	0.0	0.0	0.0	0.0	1.0	0.0	0.0	0.0	0.0	1.0	0.0
Q924	0.136398867894	0.231821201165	0.968875096602	0.0	0.603896103896	0.114718614719	0.0670995670996	0.2113997114	0.001443001443	0.001443001443	0.0558667768299	0.0	0.0	0.0	0.0	0.0	0.0	0.0	0.0	0.0	0.0	0.0	0.0	0.0	0.0	0.0	0.0	0.0	0.0	0.0	1.0	0.0	0.0	0.0	0.0	0.0	0.0	0.0	0.0	0.0	0.0	0.0	0.0	0.0	0.0	0.0	0.0	0.0	0.0
Q933	0.508000508001	1.03486207882	0.383212353978	0.0	1.25570776256	0.191780821918	0.223744292238	0.31506849315	0.013698630137	0.0	0.527690788446	0.0	0.0	0.0	1.0	0.0	0.0	0.0	0.0	0.0	0.0	0.0	0.0	0.0	0.0	0.0	0.0	0.0	0.0	0.0	0.0	0.0	0.0	1.0	0.0	0.0	0.0	0.0	0.0	0.0	0.0	0.0	0.0	0.0	0.0	0.0	0.0	0.0	0.0
Q947	2.0250933222	9.72908948165	7.63699450573	0.0	6.5092936803	3.85501858737	1.1375464684	5.49814126393	0.0	0.0	2.15389364246	0.0	12.0	1.0	1.0	0.0	10.0	2.0	1.0	1.0	1.0	0.0	0.0	0.0	0.0	0.0	2.0	9.0	8.0	1.0	1.0	1.0	8.0	13.0	2.0	0.0	1.0	0.0	1.0	4.0	1.0	0.0	0.0	1.0	0.0	2.0	0.0	0.0	1.0
Q964	0.5	1.22728408406	1.35464640888	1.0	2.23505976096	0.0956175298806	0.334661354583	0.334661354583	0.0	0.0	0.7277169677	0.0	1.0	0.0	0.0	0.0	0.0	0.0	0.0	0.0	0.0	0.0	0.0	0.0	0.0	0.0	0.0	0.0	0.0	0.0	0.0	0.0	0.0	0.0	0.0	0.0	0.0	0.0	0.0	0.0	0.0	0.0	0.0	0.0	0.0	0.0	0.0	0.0	0.0
Q986	0.308606699924	0.439953762829	0.205648562123	0.0	0.658711217184	0.0787589498807	0.119331742243	0.143198090692	0.0	0.0	0.196468089356	0.0	1.0	0.0	0.0	0.0	0.0	0.0	0.0	0.0	0.0	0.0	0.0	0.0	0.0	0.0	0.0	0.0	0.0	0.0	0.0	0.0	0.0	0.0	0.0	0.0	0.0	0.0	0.0	0.0	0.0	0.0	0.0	0.0	0.0	0.0	0.0	0.0	0.0
Q988	1.14515425473	2.21485916537	2.12903187954	0.0	1.81168831169	0.344155844157	0.201298701299	0.6341991342	0.004329004329	0.004329004329	1.25476627534	0.0	2.0	1.0	0.0	0.0	2.0	0.0	0.0	0.0	0.0	0.0	0.0	0.0	0.0	0.0	0.0	0.0	0.0	0.0	1.0	0.0	0.0	0.0	0.0	0.0	0.0	0.0	0.0	0.0	0.0	0.0	0.0	0.0	0.0	0.0	0.0	0.0	0.0
Q1006	1.82949352042	3.39937238798	3.9641878712	0.0	2.41558441558	0.458874458876	0.268398268398	0.8455988456	0.005772005772	0.005772005772	1.9925136177	0.0	4.0	0.0	0.0	0.0	2.0	0.0	0.0	0.0	0.0	0.0	0.0	0.0	0.0	0.0	0.0	0.0	0.0	0.0	0.0	0.0	0.0	1.0	0.0	0.0	0.0	0.0	0.0	0.0	0.0	0.0	3.0	0.0	0.0	0.0	0.0	0.0	0.0
Q1038	0.665120204984	1.84723688594	1.92736420029	0.0	2.41558441558	0.458874458876	0.268398268398	0.8455988456	0.005772005772	0.005772005772	0.737164084188	0.0	1.0	1.0	0.0	0.0	1.0	0.0	1.0	0.0	0.0	0.0	0.0	0.0	0.0	0.0	0.0	1.0	0.0	0.0	0.0	0.0	2.0	2.0	0.0	0.0	0.0	0.0	0.0	1.0	0.0	0.0	0.0	0.0	0.0	0.0	0.0	0.0	0.0
Q1040	1.27309127461	2.47097420932	2.81636786657	0.0	2.09111617312	0.50569476082	0.43735763098	0.9430523918	0.0227790432802	0.0	1.28980403575	1.0	0.0	0.0	1.0	0.0	0.0	0.0	0.0	0.0	0.0	0.0	0.0	0.0	0.0	0.0	0.0	0.0	0.0	0.0	2.0	1.0	3.0	2.0	0.0	0.0	1.0	0.0	0.0	1.0	0.0	0.0	1.0	0.0	0.0	1.0	0.0	0.0	0.0
Q1066	0.0	0.30858208526	0.23436784777	0.0	0.627853881279	0.0958904109589	0.111872146119	0.157534246575	0.00684931506849	0.0	1e-15	0.0	0.0	0.0	0.0	0.0	0.0	0.0	0.0	0.0	0.0	0.0	0.0	0.0	0.0	0.0	0.0	0.0	1.0	0.0	0.0	0.0	0.0	1.0	0.0	0.0	0.0	0.0	0.0	0.0	0.0	0.0	0.0	0.0	0.0	0.0	0.0	0.0	0.0
Q1069	0.914635086077	2.0497640257	1.13081706962	1.0	3.13667425968	0.75854214123	0.65603644647	1.4145785877	0.0341685649203	0.0	0.722368841015	1.0	3.0	1.0	0.0	0.0	2.0	0.0	0.0	0.0	0.0	0.0	0.0	0.0	0.0	0.0	0.0	3.0	1.0	0.0	0.0	2.0	3.0	4.0	1.0	0.0	0.0	0.0	0.0	2.0	1.0	0.0	0.0	0.0	1.0	1.0	0.0	0.0	0.0
Q1074	0.148704479129	1.83933122537	1.72501299879	0.0	2.37974683544	0.92405063291	0.392405063291	1.29113924051	0.0126582278481	0.0	0.229801241224	0.0	1.0	0.0	0.0	0.0	1.0	0.0	0.0	0.0	1.0	0.0	0.0	0.0	0.0	0.0	0.0	1.0	1.0	0.0	0.0	0.0	0.0	2.0	0.0	1.0	0.0	0.0	0.0	0.0	1.0	0.0	0.0	0.0	0.0	0.0	0.0	0.0	0.0
Q1075	0.940261536351	3.91491364971	4.9240940074	2.0	6.64285714286	1.26190476191	0.738095238096	2.3253968254	0.015873015873	0.015873015873	1.16636952117	0.0	3.0	1.0	2.0	0.0	2.0	0.0	0.0	0.0	1.0	0.0	0.0	0.0	0.0	0.0	0.0	2.0	2.0	1.0	1.0	0.0	1.0	4.0	0.0	0.0	0.0	0.0	0.0	1.0	0.0	0.0	2.0	0.0	0.0	1.0	1.0	0.0	0.0
Q1086	0.296148720985	0.538285007152	1.18434309654	0.0	1.26549865229	0.501347708895	0.287061994609	0.889487870619	0.0566037735849	0.0	0.275585639374	2.0	2.0	0.0	0.0	0.0	0.0	0.0	1.0	0.0	0.0	0.0	0.0	0.0	0.0	0.0	0.0	0.0	1.0	0.0	0.0	1.0	1.0	3.0	1.0	0.0	0.0	0.0	0.0	0.0	1.0	0.0	0.0	0.0	1.0	0.0	0.0	0.0	0.0
Q1101	0.314485451017	2.05797736705	0.903811081506	0.0	2.51141552512	0.383561643836	0.447488584476	0.6301369863	0.027397260274	0.0	0.2819856204	0.0	2.0	1.0	1.0	0.0	1.0	0.0	0.0	0.0	1.0	0.0	0.0	0.0	0.0	0.0	0.0	1.0	1.0	0.0	1.0	0.0	3.0	2.0	1.0	0.0	0.0	0.0	0.0	0.0	0.0	0.0	0.0	0.0	0.0	0.0	0.0	0.0	0.0
Q1106	0.995971534318	2.46170819248	2.16879459269	0.0	1.97613365155	0.236276849642	0.357995226729	0.429594272076	0.0	0.0	0.7683131131	0.0	2.0	0.0	0.0	0.0	1.0	0.0	0.0	0.0	0.0	0.0	0.0	0.0	0.0	0.0	0.0	1.0	2.0	1.0	1.0	0.0	3.0	3.0	0.0	0.0	0.0	0.0	0.0	0.0	0.0	0.0	0.0	0.0	0.0	0.0	0.0	1.0	0.0
Q1107	0.723244551179	2.06812738235	2.18356741215	1.0	2.53099730458	1.00269541779	0.574123989218	1.77897574124	0.11320754717	0.0	0.739275687775	2.0	3.0	0.0	0.0	0.0	1.0	0.0	0.0	0.0	1.0	0.0	0.0	0.0	0.0	0.0	0.0	1.0	1.0	0.0	1.0	2.0	2.0	3.0	0.0	0.0	0.0	0.0	1.0	0.0	0.0	1.0	1.0	0.0	1.0	0.0	0.0	0.0	0.0
Q1128	0.851427296688	2.87993620578	3.64966606519	1.0	3.01948051948	0.573593073595	0.335497835498	1.056998557	0.007215007215	0.007215007215	0.837426954465	0.0	2.0	0.0	0.0	0.0	2.0	1.0	0.0	0.0	0.0	0.0	0.0	0.0	0.0	0.0	0.0	0.0	0.0	0.0	1.0	0.0	3.0	0.0	0.0	0.0	1.0	0.0	0.0	0.0	0.0	0.0	0.0	0.0	1.0	0.0	0.0	0.0	0.0
Q1138	0.251320304323	0.570844054931	0.995734186722	1.0	1.35884665793	1.23512450852	0.441415465268	0.945740498036	0.018872870249	0.0	0.0298560533313	0.0	0.0	0.0	0.0	0.0	0.0	0.0	0.0	0.0	0.0	0.0	0.0	0.0	0.0	0.0	0.0	0.0	0.0	0.0	0.0	0.0	0.0	3.0	1.0	0.0	0.0	0.0	0.0	0.0	0.0	0.0	0.0	0.0	0.0	0.0	0.0	0.0	0.0
Q1147	0.051031036308	0.573595214835	0.806687634829	0.0	0.65625	0.0364583333333	0.166666666667	0.140625	0.0	0.0	0.0580143723407	0.0	0.0	1.0	0.0	0.0	0.0	0.0	0.0	0.0	0.0	0.0	0.0	0.0	0.0	0.0	0.0	0.0	0.0	0.0	0.0	0.0	0.0	1.0	1.0	1.0	0.0	0.0	0.0	0.0	0.0	0.0	0.0	0.0	0.0	0.0	0.0	0.0	0.0
Q1157	0.833807634423	4.23760374661	4.01968227251	2.0	3.80759493671	1.47848101266	0.627848101266	2.06582278481	0.020253164557	0.0	0.826593624979	0.0	3.0	0.0	0.0	0.0	3.0	0.0	0.0	0.0	0.0	0.0	0.0	0.0	0.0	0.0	0.0	1.0	1.0	0.0	0.0	1.0	2.0	2.0	1.0	0.0	2.0	0.0	1.0	0.0	0.0	0.0	0.0	0.0	0.0	2.0	0.0	0.0	0.0
Q1170	1.21883620617	3.39456479204	4.08312525294	3.0	3.05740498034	2.77903014417	0.993184796853	2.12791612058	0.0424639580603	0.0	1.6584061217	0.0	3.0	0.0	0.0	0.0	2.0	0.0	0.0	0.0	0.0	0.0	0.0	0.0	0.0	0.0	0.0	4.0	1.0	0.0	1.0	0.0	0.0	2.0	0.0	0.0	0.0	0.0	1.0	1.0	0.0	0.0	0.0	0.0	1.0	0.0	0.0	0.0	0.0
Q1171	0.644199614376	3.62095306932	3.07314069078	2.0	2.71769331586	2.47024901704	0.882830930536	1.89148099607	0.037745740498	0.0	0.733088948658	0.0	5.0	1.0	1.0	0.0	4.0	0.0	0.0	0.0	0.0	0.0	0.0	0.0	0.0	0.0	1.0	3.0	3.0	1.0	0.0	0.0	3.0	7.0	2.0	1.0	0.0	0.0	0.0	1.0	1.0	0.0	0.0	0.0	0.0	3.0	0.0	0.0	0.0
Q1174	0.0645497224368	0.256198461293	0.196609923923	1.0	0.339711664482	0.30878112713	0.110353866317	0.236435124509	0.00471821756225	0.0	0.0551145581914	0.0	0.0	0.0	0.0	0.0	0.0	0.0	0.0	0.0	0.0	0.0	0.0	0.0	0.0	0.0	0.0	0.0	0.0	0.0	0.0	0.0	0.0	0.0	0.0	0.0	0.0	0.0	0.0	0.0	0.0	0.0	0.0	0.0	0.0	0.0	0.0	0.0	0.0
Q1180	0.0	0.0854155672784	0.219507859444	0.0	0.341395348837	0.262325581395	0.0986046511628	0.29488372093	0.00279069767442	0.0	1e-15	0.0	0.0	0.0	0.0	0.0	0.0	0.0	0.0	0.0	0.0	0.0	0.0	0.0	0.0	0.0	0.0	0.0	0.0	0.0	0.0	0.0	0.0	0.0	0.0	0.0	0.0	0.0	0.0	0.0	0.0	0.0	0.0	0.0	0.0	0.0	0.0	0.0	0.0
Q1185	1.16732646246	3.80880966668	3.03563143804	0.0	3.37466307278	1.33692722372	0.765498652291	2.37196765498	0.150943396226	0.0	1.45491174858	0.0	3.0	0.0	0.0	0.0	1.0	0.0	0.0	0.0	0.0	0.0	0.0	0.0	0.0	1.0	0.0	0.0	0.0	0.0	3.0	0.0	0.0	1.0	0.0	0.0	0.0	0.0	0.0	0.0	0.0	0.0	0.0	0.0	0.0	0.0	0.0	0.0	0.0
Q1208	1.42658306412	4.46585840864	4.94936665319	0.0	3.62337662338	0.688311688314	0.402597402598	1.2683982684	0.008658008658	0.008658008658	2.00585718167	0.0	3.0	0.0	0.0	0.0	1.0	0.0	1.0	0.0	0.0	0.0	0.0	0.0	0.0	0.0	0.0	2.0	0.0	1.0	1.0	0.0	1.0	2.0	0.0	0.0	0.0	0.0	0.0	0.0	0.0	0.0	1.0	0.0	0.0	2.0	0.0	0.0	0.0
Q1223	0.294619371203	0.870252454736	0.828800159694	0.0	0.48275862069	0.051724137931	0.114942528736	0.344827586207	0.0	0.00574712643678	0.209907205742	0.0	0.0	0.0	0.0	0.0	0.0	0.0	0.0	0.0	0.0	0.0	0.0	0.0	0.0	0.0	0.0	1.0	0.0	0.0	0.0	1.0	1.0	1.0	0.0	0.0	0.0	0.0	0.0	0.0	0.0	0.0	1.0	0.0	0.0	0.0	0.0	0.0	0.0
Q1230	0.331414313996	1.76592718777	1.61675365121	1.0	1.9889298893	0.741697416976	0.39852398524	0.856088560884	0.0147601476015	0.0	0.339020858951	0.0	2.0	0.0	0.0	0.0	2.0	0.0	0.0	0.0	1.0	0.0	0.0	0.0	0.0	0.0	0.0	1.0	1.0	0.0	0.0	1.0	1.0	2.0	0.0	0.0	0.0	0.0	1.0	1.0	0.0	0.0	0.0	1.0	1.0	0.0	0.0	0.0	0.0
Q1234	1.02996174573	4.77548937328	4.42558227709	0.0	4.39497716895	0.671232876712	0.783105022833	1.10273972603	0.0479452054794	0.0	0.992722166534	0.0	3.0	0.0	0.0	0.0	2.0	0.0	2.0	0.0	0.0	0.0	0.0	0.0	0.0	0.0	0.0	2.0	2.0	0.0	0.0	0.0	4.0	2.0	0.0	1.0	0.0	0.0	0.0	1.0	0.0	0.0	0.0	0.0	0.0	0.0	0.0	0.0	0.0
Q1239	2.91924820225	9.85999030675	7.79978792251	8.0	9.9446494465	3.70848708488	1.9926199262	4.28044280442	0.0738007380074	0.0	2.82267678651	0.0	9.0	2.0	2.0	0.0	7.0	0.0	1.0	0.0	0.0	0.0	0.0	0.0	0.0	0.0	0.0	3.0	4.0	0.0	5.0	1.0	6.0	12.0	4.0	0.0	0.0	0.0	0.0	0.0	0.0	1.0	0.0	0.0	2.0	0.0	0.0	1.0	0.0
Q1260	0.486105373787	2.00854663079	2.28965564295	0.0	2.41558441558	0.458874458876	0.268398268398	0.8455988456	0.005772005772	0.005772005772	0.393802111971	1.0	2.0	1.0	0.0	0.0	1.0	0.0	0.0	0.0	0.0	0.0	0.0	0.0	0.0	0.0	0.0	0.0	0.0	0.0	0.0	0.0	1.0	0.0	0.0	0.0	1.0	0.0	0.0	0.0	0.0	0.0	1.0	0.0	0.0	0.0	0.0	0.0	0.0
Q1292	1.20419924419	2.81592294802	1.96604831882	0.0	3.62337662338	0.688311688314	0.402597402598	1.2683982684	0.008658008658	0.008658008658	1.45129668431	0.0	1.0	0.0	0.0	0.0	1.0	0.0	0.0	0.0	0.0	0.0	0.0	0.0	0.0	0.0	0.0	1.0	1.0	0.0	3.0	0.0	0.0	3.0	0.0	0.0	1.0	0.0	0.0	1.0	0.0	0.0	0.0	1.0	1.0	0.0	0.0	0.0	0.0
Q1321	1.73551028746	6.18733241977	5.16716160856	0.0	6.64285714286	1.26190476191	0.738095238096	2.3253968254	0.015873015873	0.015873015873	1.92940284305	0.0	5.0	1.0	0.0	0.0	5.0	0.0	0.0	0.0	0.0	0.0	0.0	0.0	0.0	0.0	0.0	1.0	0.0	0.0	4.0	1.0	2.0	6.0	0.0	0.0	0.0	0.0	0.0	0.0	1.0	1.0	1.0	0.0	2.0	0.0	0.0	0.0	0.0
Q1323	0.640655386318	1.89212259438	2.64063652778	0.0	2.10916442048	0.835579514825	0.478436657682	1.48247978437	0.0943396226415	0.0	0.444055083406	0.0	1.0	0.0	0.0	0.0	1.0	0.0	0.0	0.0	0.0	0.0	0.0	0.0	0.0	0.0	1.0	0.0	0.0	0.0	1.0	0.0	0.0	2.0	0.0	0.0	0.0	0.0	0.0	0.0	0.0	0.0	0.0	1.0	0.0	0.0	0.0	0.0	0.0
Q1328	0.95395051692	2.7913023116	3.18299374207	2.0	1.68733153639	0.66846361186	0.382749326146	1.18598382749	0.0754716981132	0.0	0.919394732713	0.0	1.0	0.0	0.0	0.0	1.0	1.0	0.0	0.0	0.0	0.0	0.0	0.0	0.0	0.0	0.0	1.0	0.0	0.0	0.0	0.0	3.0	0.0	0.0	0.0	0.0	0.0	0.0	0.0	0.0	0.0	1.0	0.0	0.0	0.0	0.0	0.0	0.0
Q1329	0.83277179224	2.37002125471	2.55827163927	0.0	2.63484486874	0.315035799523	0.477326968972	0.572792362768	0.0	0.0	0.689247252471	0.0	2.0	0.0	0.0	0.0	1.0	0.0	1.0	0.0	0.0	0.0	0.0	0.0	0.0	0.0	0.0	1.0	1.0	0.0	0.0	0.0	2.0	2.0	0.0	0.0	0.0	0.0	0.0	0.0	0.0	0.0	0.0	0.0	0.0	0.0	0.0	1.0	0.0
Q1330	0.116642368704	0.321575041864	0.0925770906629	0.0	0.339711664482	0.30878112713	0.110353866317	0.236435124509	0.00471821756225	0.0	0.0585575642659	0.0	0.0	0.0	0.0	0.0	0.0	0.0	0.0	0.0	0.0	0.0	0.0	0.0	0.0	0.0	0.0	0.0	0.0	0.0	0.0	0.0	0.0	0.0	0.0	0.0	0.0	0.0	0.0	0.0	0.0	0.0	0.0	0.0	0.0	0.0	0.0	0.0	0.0
Q1341	0.0	-0.0193334957035	0.192659251937	0.0	0.497232472325	0.185424354244	0.09963099631	0.214022140221	0.00369003690037	0.0	1e-15	0.0	0.0	0.0	0.0	0.0	0.0	0.0	0.0	0.0	0.0	0.0	0.0	0.0	0.0	0.0	0.0	0.0	0.0	0.0	0.0	0.0	0.0	0.0	0.0	0.0	0.0	0.0	0.0	0.0	0.0	0.0	0.0	0.0	0.0	0.0	0.0	0.0	0.0
Q1344	0.83423956273	1.84695590347	2.11059859485	0.0	1.76359832636	0.31380753138	0.244769874477	0.671548117155	0.00627615062763	0.0	0.871923763956	0.0	1.0	0.0	0.0	0.0	0.0	0.0	0.0	0.0	0.0	0.0	0.0	0.0	0.0	1.0	0.0	0.0	0.0	0.0	0.0	0.0	1.0	0.0	0.0	0.0	0.0	0.0	0.0	0.0	0.0	0.0	1.0	0.0	1.0	0.0	0.0	0.0	0.0
Q1347	0.8230300581	3.51420094877	2.32668798073	1.0	2.53099730458	1.00269541779	0.574123989218	1.77897574124	0.11320754717	0.0	1.01458159524	0.0	5.0	0.0	1.0	0.0	3.0	1.0	0.0	1.0	0.0	0.0	0.0	0.0	0.0	0.0	1.0	2.0	3.0	0.0	0.0	2.0	2.0	5.0	4.0	3.0	1.0	0.0	0.0	3.0	1.0	0.0	0.0	1.0	0.0	0.0	1.0	0.0	0.0
Q1352	0.146924358527	0.998577522824	0.880946779426	0.0	1.04555808656	0.25284738041	0.21867881549	0.4715261959	0.0113895216401	0.0	0.205102905197	0.0	0.0	0.0	0.0	0.0	0.0	0.0	0.0	0.0	0.0	0.0	0.0	0.0	0.0	0.0	0.0	0.0	1.0	0.0	1.0	0.0	0.0	2.0	0.0	0.0	0.0	0.0	0.0	0.0	0.0	0.0	0.0	0.0	1.0	0.0	0.0	0.0	0.0
Q1357	0.0	0.07455971118	0.0587886882981	0.0	0.339711664482	0.30878112713	0.110353866317	0.236435124509	0.00471821756225	0.0	1e-15	1.0	0.0	0.0	0.0	0.0	0.0	0.0	0.0	0.0	0.0	0.0	0.0	0.0	0.0	0.0	0.0	0.0	0.0	0.0	0.0	0.0	0.0	0.0	0.0	0.0	0.0	0.0	0.0	0.0	0.0	0.0	0.0	0.0	0.0	0.0	0.0	0.0	0.0
Q1358	0.406331730093	2.68507690297	2.69360179654	2.0	4.39497716895	0.671232876712	0.783105022833	1.10273972603	0.0479452054794	0.0	0.407542266831	0.0	1.0	0.0	1.0	0.0	0.0	0.0	0.0	0.0	0.0	0.0	0.0	0.0	0.0	0.0	0.0	0.0	0.0	0.0	1.0	0.0	1.0	2.0	1.0	0.0	0.0	0.0	0.0	0.0	0.0	0.0	0.0	0.0	1.0	1.0	0.0	0.0	0.0
Q1364	0.359785885708	1.16386636923	1.93993451873	1.0	1.68733153639	0.66846361186	0.382749326146	1.18598382749	0.0754716981132	0.0	0.660307100801	0.0	2.0	0.0	2.0	0.0	1.0	0.0	0.0	0.0	0.0	0.0	0.0	0.0	0.0	0.0	0.0	0.0	1.0	0.0	0.0	0.0	1.0	2.0	1.0	0.0	0.0	0.0	0.0	0.0	0.0	0.0	0.0	0.0	1.0	1.0	0.0	0.0	0.0
Q1374	0.773531122422	2.07940824383	2.80012313007	1.0	2.6138952164	0.632118451025	0.546697038725	1.17881548975	0.0284738041003	0.0	0.679093068993	0.0	2.0	0.0	0.0	0.0	2.0	0.0	0.0	1.0	0.0	0.0	0.0	0.0	0.0	0.0	0.0	1.0	1.0	0.0	0.0	0.0	2.0	1.0	0.0	0.0	0.0	0.0	0.0	0.0	0.0	0.0	0.0	0.0	0.0	0.0	0.0	0.0	0.0
Q1387	0.599596582387	5.67361638274	3.83649580812	1.0	6.11480996068	5.55806028834	1.98636959371	4.25583224116	0.0849279161205	0.0	0.530404060241	0.0	9.0	0.0	1.0	0.0	7.0	0.0	1.0	0.0	0.0	0.0	0.0	0.0	0.0	0.0	0.0	6.0	2.0	0.0	2.0	3.0	5.0	8.0	1.0	0.0	0.0	0.0	0.0	1.0	0.0	0.0	0.0	0.0	0.0	0.0	0.0	0.0	0.0
Q1392	2.84415085143	11.3975734534	9.6413162682	4.0	7.13394495412	6.48440366973	2.31743119266	4.96513761469	0.0990825688072	0.0	3.47268195597	0.0	10.0	0.0	1.0	0.0	7.0	0.0	0.0	0.0	0.0	0.0	0.0	0.0	0.0	0.0	0.0	6.0	2.0	0.0	3.0	1.0	6.0	14.0	0.0	0.0	1.0	0.0	0.0	0.0	0.0	0.0	0.0	1.0	0.0	2.0	1.0	0.0	0.0
Q1431	0.0	0.639270985305	1.4601908508	0.0	1.04555808656	0.25284738041	0.21867881549	0.4715261959	0.0113895216401	0.0	2e-15	0.0	0.0	0.0	0.0	0.0	0.0	0.0	0.0	0.0	0.0	0.0	0.0	0.0	0.0	0.0	1.0	1.0	0.0	0.0	1.0	0.0	0.0	0.0	0.0	0.0	0.0	0.0	0.0	0.0	0.0	0.0	0.0	0.0	0.0	1.0	0.0	0.0	0.0
Q1434	0.0	0.989451467725	1.24301720814	0.0	1.49169741698	0.556273062732	0.29889298893	0.642066420663	0.0110701107011	0.0	3e-15	0.0	2.0	0.0	0.0	0.0	2.0	0.0	0.0	0.0	0.0	0.0	0.0	0.0	0.0	0.0	0.0	0.0	0.0	0.0	0.0	0.0	0.0	1.0	0.0	0.0	0.0	0.0	0.0	0.0	0.0	0.0	0.0	0.0	0.0	0.0	0.0	0.0	0.0
Q1461	0.0	0.0708216227703	0.597797866472	0.0	0.370629370629	0.314685314685	0.041958041958	0.265734265734	0.00699300699301	0.0	1e-15	0.0	0.0	0.0	0.0	0.0	0.0	0.0	0.0	0.0	0.0	0.0	0.0	0.0	0.0	0.0	0.0	0.0	0.0	0.0	0.0	0.0	0.0	0.0	0.0	0.0	0.0	0.0	0.0	0.0	0.0	0.0	0.0	0.0	0.0	0.0	0.0	0.0	0.0
Q1462	0.43355178738	4.06838682823	3.24763395473	0.0	5.43538663171	4.94049803408	1.76566186107	3.78296199214	0.075491480996	0.0	0.409908498531	1.0	6.0	1.0	0.0	0.0	4.0	0.0	2.0	0.0	0.0	0.0	0.0	0.0	0.0	0.0	1.0	2.0	1.0	0.0	0.0	0.0	5.0	12.0	2.0	1.0	2.0	0.0	1.0	1.0	0.0	0.0	0.0	1.0	1.0	0.0	0.0	5.0	0.0
Q1469	0.793479318206	2.19400778664	2.48649990166	0.0	3.76712328767	0.575342465753	0.671232876714	0.94520547945	0.0410958904109	0.0	0.725706169192	0.0	1.0	0.0	0.0	0.0	0.0	0.0	0.0	0.0	0.0	0.0	0.0	0.0	0.0	0.0	0.0	0.0	0.0	0.0	1.0	1.0	0.0	2.0	0.0	0.0	0.0	0.0	0.0	0.0	0.0	0.0	0.0	0.0	0.0	1.0	0.0	0.0	0.0
Q1474	0.88387587248	2.9845254795	1.81219684754	1.0	4.05747922438	0.901662049862	0.688365650969	1.34764542936	0.00484764542936	0.0	1.27536117804	0.0	2.0	0.0	0.0	0.0	2.0	0.0	0.0	1.0	0.0	0.0	0.0	0.0	0.0	0.0	0.0	1.0	7.0	0.0	0.0	0.0	1.0	7.0	0.0	0.0	0.0	0.0	0.0	1.0	0.0	0.0	2.0	0.0	0.0	0.0	0.0	0.0	0.0
Q1490	0.0	-0.178897517678	0.0840572779366	0.0	0.682790697674	0.52465116279	0.197209302326	0.58976744186	0.00558139534884	0.0	2e-15	2.0	2.0	0.0	0.0	0.0	0.0	0.0	0.0	0.0	0.0	0.0	0.0	0.0	0.0	0.0	0.0	0.0	0.0	0.0	0.0	0.0	0.0	0.0	0.0	0.0	0.0	0.0	0.0	0.0	0.0	0.0	0.0	0.0	0.0	0.0	0.0	0.0	0.0
Q1513	1e-12	1e-12	1e-12	0.0	0.52277904328	0.126423690205	0.109339407745	0.23576309795	0.00569476082005	0.0	1e-15	0.0	0.0	0.0	0.0	0.0	0.0	0.0	0.0	0.0	0.0	0.0	0.0	0.0	0.0	0.0	0.0	0.0	0.0	0.0	0.0	0.0	0.0	0.0	1.0	0.0	0.0	0.0	0.0	0.0	0.0	0.0	0.0	0.0	0.0	0.0	0.0	0.0	0.0
Q1519	0.149024457282	0.798388023508	0.651442510199	1.0	1.81168831169	0.344155844157	0.201298701299	0.6341991342	0.004329004329	0.004329004329	0.08917711822	0.0	1.0	0.0	0.0	0.0	0.0	0.0	1.0	0.0	0.0	0.0	0.0	0.0	0.0	0.0	0.0	0.0	0.0	0.0	0.0	0.0	1.0	1.0	0.0	0.0	1.0	0.0	0.0	0.0	0.0	0.0	0.0	0.0	0.0	0.0	0.0	0.0	0.0
Q1532	1.29857742569	2.84324840587	2.42658578438	0.0	2.41558441558	0.458874458876	0.268398268398	0.8455988456	0.005772005772	0.005772005772	1.58187915955	0.0	4.0	2.0	0.0	0.0	3.0	1.0	0.0	0.0	1.0	0.0	0.0	0.0	0.0	0.0	0.0	0.0	1.0	0.0	0.0	0.0	2.0	3.0	0.0	0.0	0.0	0.0	0.0	0.0	1.0	0.0	1.0	0.0	0.0	0.0	0.0	0.0	0.0
Q1545	0.346666666667	0.987289913843	0.639410826207	1.0	0.682790697674	0.52465116279	0.197209302326	0.58976744186	0.00558139534884	0.0	0.172272363344	1.0	0.0	0.0	0.0	0.0	0.0	0.0	0.0	0.0	0.0	0.0	0.0	0.0	0.0	0.0	0.0	1.0	0.0	0.0	0.0	0.0	0.0	1.0	0.0	0.0	0.0	0.0	0.0	0.0	0.0	0.0	0.0	0.0	0.0	0.0	0.0	0.0	0.0
Q1560	1.22461185923	2.05018227215	1.72048203531	0.0	3.33164556962	1.29367088607	0.549367088607	1.80759493671	0.0177215189873	0.0	1.15528058533	0.0	4.0	1.0	0.0	0.0	2.0	0.0	0.0	0.0	0.0	0.0	0.0	0.0	0.0	0.0	0.0	1.0	0.0	0.0	0.0	0.0	0.0	3.0	1.0	0.0	0.0	0.0	0.0	0.0	0.0	0.0	0.0	0.0	0.0	1.0	0.0	0.0	0.0
Q1571	0.0150482316357	0.152660986595	0.0562555769453	1.0	0.339711664482	0.30878112713	0.110353866317	0.236435124509	0.00471821756225	0.0	0.051775529825	1.0	0.0	0.0	0.0	0.0	0.0	0.0	0.0	0.0	0.0	0.0	0.0	0.0	0.0	0.0	0.0	0.0	0.0	0.0	0.0	0.0	0.0	1.0	0.0	0.0	0.0	0.0	0.0	0.0	0.0	0.0	0.0	0.0	0.0	0.0	0.0	0.0	0.0
Q1580	0.0	1.03866828971	1.04042661776	0.0	1.20779220779	0.229437229438	0.134199134199	0.4227994228	0.002886002886	0.002886002886	2e-15	0.0	1.0	1.0	1.0	0.0	1.0	0.0	0.0	0.0	0.0	0.0	0.0	0.0	0.0	0.0	0.0	1.0	1.0	0.0	0.0	0.0	1.0	1.0	0.0	0.0	0.0	0.0	0.0	0.0	0.0	0.0	0.0	0.0	0.0	0.0	0.0	0.0	0.0
Q1582	0.632455532034	1.06678647915	0.781924094419	1.0	1.15927977839	0.257617728532	0.196675900277	0.385041551246	0.00138504155125	0.0	0.581682611913	0.0	0.0	0.0	0.0	0.0	0.0	0.0	0.0	0.0	0.0	0.0	0.0	0.0	0.0	0.0	0.0	0.0	0.0	0.0	1.0	0.0	0.0	0.0	0.0	0.0	0.0	0.0	0.0	0.0	0.0	0.0	0.0	0.0	0.0	0.0	0.0	0.0	0.0
Q1607	2.46043155191	15.0426059965	17.8898802152	0.0	13.4252767528	5.00645756459	2.69003690037	5.77859778597	0.09963099631	0.0	1.6533298305	2.0	19.0	1.0	6.0	0.0	12.0	1.0	1.0	0.0	1.0	0.0	0.0	0.0	0.0	0.0	0.0	13.0	9.0	2.0	1.0	5.0	6.0	16.0	6.0	2.0	0.0	0.0	0.0	1.0	2.0	4.0	1.0	1.0	3.0	4.0	1.0	1.0	0.0
Q1621	0.650863441393	1.83516609604	1.51381440334	1.0	1.9889298893	0.741697416976	0.39852398524	0.856088560884	0.0147601476015	0.0	1.15505372854	1.0	1.0	0.0	1.0	0.0	0.0	0.0	0.0	0.0	0.0	0.0	0.0	0.0	0.0	0.0	0.0	0.0	2.0	0.0	0.0	0.0	0.0	2.0	0.0	0.0	0.0	0.0	0.0	0.0	0.0	0.0	0.0	0.0	0.0	0.0	0.0	0.0	0.0
Q1622	0.917144457662	2.3971629296	2.66999444828	0.0	1.81168831169	0.344155844157	0.201298701299	0.6341991342	0.004329004329	0.004329004329	0.791177701846	0.0	2.0	0.0	0.0	0.0	2.0	0.0	0.0	0.0	0.0	0.0	0.0	0.0	0.0	0.0	0.0	0.0	0.0	0.0	0.0	0.0	1.0	1.0	0.0	0.0	0.0	0.0	0.0	0.0	0.0	0.0	0.0	0.0	0.0	0.0	0.0	0.0	0.0
Q1629	0.608476209129	1.07874451385	0.605415185027	0.0	1.81168831169	0.344155844157	0.201298701299	0.6341991342	0.004329004329	0.004329004329	0.422706893454	0.0	1.0	0.0	0.0	0.0	0.0	0.0	1.0	0.0	0.0	0.0	0.0	0.0	0.0	0.0	0.0	1.0	0.0	0.0	1.0	0.0	1.0	1.0	0.0	0.0	0.0	0.0	0.0	0.0	0.0	0.0	0.0	0.0	0.0	0.0	0.0	0.0	0.0
Q1666	0.71063308489	1.42615628139	1.53493523812	0.0	1.17573221757	0.20920502092	0.163179916318	0.44769874477	0.00418410041842	0.0	0.663830737734	0.0	0.0	0.0	0.0	0.0	0.0	0.0	0.0	0.0	0.0	0.0	0.0	0.0	0.0	0.0	0.0	1.0	0.0	0.0	0.0	1.0	1.0	1.0	1.0	0.0	0.0	0.0	0.0	0.0	0.0	0.0	0.0	0.0	0.0	0.0	0.0	0.0	0.0
Q1677	0.95563002132	2.99820829347	3.27381679501	0.0	2.63484486874	0.315035799523	0.477326968972	0.572792362768	0.0	0.0	0.926050301852	0.0	3.0	0.0	1.0	0.0	1.0	0.0	0.0	0.0	0.0	0.0	0.0	0.0	0.0	0.0	0.0	3.0	1.0	1.0	1.0	0.0	1.0	4.0	1.0	1.0	0.0	0.0	0.0	0.0	0.0	0.0	0.0	0.0	0.0	1.0	0.0	0.0	0.0
Q1702	1.57475583836	3.66810424809	2.45868926149	0.0	3.5140562249	0.220883534137	0.58232931727	0.682730923695	0.0	0.0	1.51921444392	0.0	3.0	1.0	0.0	0.0	1.0	0.0	0.0	0.0	0.0	0.0	0.0	0.0	0.0	0.0	0.0	1.0	0.0	0.0	0.0	0.0	2.0	0.0	0.0	0.0	1.0	0.0	1.0	0.0	1.0	0.0	2.0	0.0	0.0	0.0	0.0	1.0	0.0
Q1704	1.42203434013	2.35904570834	1.92918718566	0.0	3.13926940639	0.479452054794	0.559360730595	0.787671232875	0.0342465753425	0.0	1.79387290912	0.0	0.0	0.0	0.0	0.0	0.0	0.0	0.0	0.0	0.0	0.0	0.0	0.0	0.0	0.0	0.0	0.0	0.0	0.0	3.0	0.0	2.0	1.0	0.0	0.0	0.0	0.0	0.0	0.0	0.0	0.0	0.0	0.0	0.0	0.0	0.0	0.0	0.0
Q1735	3.96309037423	16.6372626057	26.0301950402	16.0	16.9855832241	15.4390563565	5.51769331585	11.8217562255	0.235910878112	0.0	4.21148797548	2.0	12.0	0.0	1.0	0.0	5.0	0.0	0.0	0.0	0.0	0.0	0.0	0.0	0.0	0.0	0.0	4.0	3.0	1.0	11.0	1.0	2.0	6.0	1.0	0.0	0.0	0.0	0.0	1.0	0.0	0.0	0.0	0.0	1.0	0.0	0.0	0.0	0.0
Q1770	0.985432623641	2.03768316584	1.86295716138	0.0	2.51141552512	0.383561643836	0.447488584476	0.6301369863	0.027397260274	0.0	1.1096897564	0.0	3.0	0.0	0.0	0.0	2.0	0.0	1.0	0.0	0.0	0.0	0.0	0.0	0.0	0.0	0.0	1.0	0.0	0.0	0.0	0.0	2.0	3.0	1.0	0.0	0.0	0.0	0.0	0.0	0.0	0.0	0.0	0.0	0.0	0.0	0.0	0.0	0.0
Q1792	0.539640733462	1.42076353737	1.13191656122	1.0	1.35884665793	1.23512450852	0.441415465268	0.945740498036	0.018872870249	0.0	0.68451617887	0.0	2.0	0.0	0.0	0.0	0.0	0.0	0.0	0.0	0.0	0.0	0.0	0.0	0.0	0.0	0.0	0.0	0.0	0.0	0.0	0.0	0.0	3.0	0.0	0.0	0.0	0.0	0.0	2.0	0.0	0.0	0.0	0.0	0.0	0.0	0.0	0.0	0.0
Q1805	0.875650634888	1.88726319892	2.12724767895	0.0	5.25	0.75	0.0	0.0	0.0	0.0	0.709499673702	0.0	2.0	0.0	0.0	0.0	1.0	0.0	0.0	0.0	0.0	0.0	0.0	0.0	0.0	0.0	0.0	0.0	1.0	0.0	1.0	0.0	1.0	3.0	0.0	0.0	0.0	0.0	1.0	0.0	0.0	0.0	0.0	0.0	0.0	0.0	0.0	0.0	0.0
Q1808	0.249665188316	2.54798427113	2.15938063168	2.0	3.05740498034	2.77903014417	0.993184796853	2.12791612058	0.0424639580603	0.0	0.0655953177699	0.0	3.0	0.0	1.0	0.0	2.0	0.0	0.0	1.0	0.0	0.0	0.0	0.0	0.0	0.0	0.0	2.0	1.0	0.0	2.0	0.0	0.0	6.0	0.0	0.0	1.0	0.0	0.0	1.0	1.0	0.0	0.0	0.0	0.0	0.0	1.0	0.0	0.0
Q1827	0.0	-0.129661701357	0.0519297130858	0.0	0.339711664482	0.30878112713	0.110353866317	0.236435124509	0.00471821756225	0.0	1e-15	1.0	0.0	0.0	0.0	0.0	0.0	0.0	0.0	0.0	0.0	0.0	0.0	0.0	0.0	0.0	0.0	0.0	0.0	0.0	0.0	0.0	0.0	0.0	0.0	0.0	0.0	0.0	0.0	0.0	0.0	0.0	0.0	0.0	0.0	0.0	0.0	0.0	0.0
Q1831	0.3606118826	3.21119857856	2.2502945888	0.0	2.98339483395	1.11254612546	0.59778597786	1.28413284133	0.0221402214022	0.0	0.436182811664	0.0	5.0	0.0	0.0	0.0	3.0	1.0	1.0	0.0	0.0	0.0	0.0	0.0	0.0	0.0	0.0	2.0	1.0	0.0	0.0	1.0	4.0	5.0	1.0	0.0	0.0	0.0	1.0	0.0	1.0	0.0	0.0	0.0	0.0	0.0	0.0	0.0	0.0
Q1837	1.28538125712	2.5652571656	2.51507858281	0.0	1.81168831169	0.344155844157	0.201298701299	0.6341991342	0.004329004329	0.004329004329	1.05448256152	0.0	2.0	0.0	0.0	0.0	2.0	0.0	0.0	0.0	1.0	0.0	0.0	0.0	0.0	0.0	0.0	0.0	1.0	0.0	0.0	0.0	1.0	2.0	0.0	0.0	0.0	0.0	0.0	0.0	0.0	0.0	2.0	0.0	0.0	0.0	0.0	0.0	0.0
Q1859	0.937309113706	3.41285906234	2.97214039442	0.0	4.39497716895	0.671232876712	0.783105022833	1.10273972603	0.0479452054794	0.0	1.03541060638	0.0	5.0	0.0	0.0	0.0	3.0	0.0	0.0	0.0	1.0	0.0	0.0	0.0	0.0	0.0	0.0	0.0	2.0	0.0	1.0	1.0	4.0	2.0	0.0	0.0	0.0	0.0	1.0	0.0	0.0	0.0	0.0	0.0	0.0	0.0	0.0	0.0	1.0
Q1869	2.56175305657	5.46989459394	4.44796203032	0.0	5.43506493506	1.03246753247	0.603896103896	1.9025974026	0.012987012987	0.012987012987	2.83188404569	0.0	1.0	0.0	0.0	0.0	0.0	0.0	0.0	0.0	0.0	0.0	0.0	0.0	0.0	0.0	0.0	0.0	0.0	0.0	3.0	0.0	1.0	1.0	0.0	0.0	0.0	0.0	0.0	0.0	0.0	0.0	1.0	0.0	1.0	0.0	0.0	0.0	1.0
Q1872	0.864909110712	1.92216168827	1.8419099434	0.0	2.31855955679	0.515235457064	0.393351800554	0.770083102492	0.00277008310249	0.0	0.85178510646	0.0	1.0	0.0	0.0	0.0	0.0	0.0	0.0	0.0	0.0	0.0	0.0	0.0	0.0	0.0	1.0	0.0	0.0	0.0	2.0	0.0	0.0	0.0	0.0	0.0	0.0	0.0	0.0	0.0	0.0	0.0	0.0	0.0	0.0	0.0	0.0	0.0	0.0
Q1887	0.930891149095	2.43527936413	1.52658818752	3.0	1.70697674419	1.31162790698	0.493023255814	1.47441860465	0.0139534883721	0.0	0.704250050014	0.0	2.0	0.0	1.0	0.0	2.0	0.0	1.0	0.0	0.0	0.0	0.0	0.0	0.0	0.0	0.0	1.0	0.0	1.0	0.0	0.0	2.0	1.0	0.0	0.0	0.0	0.0	0.0	0.0	0.0	0.0	0.0	0.0	0.0	0.0	0.0	0.0	0.0
Q1896	0.837637198434	1.80203629235	1.33041509152	0.0	1.65384615385	0.153846153846	0.461538461538	0.73076923077	0.0	0.0	0.854445398688	0.0	3.0	0.0	0.0	0.0	3.0	0.0	0.0	0.0	0.0	0.0	0.0	0.0	0.0	0.0	0.0	1.0	0.0	0.0	0.0	0.0	1.0	3.0	0.0	0.0	0.0	0.0	0.0	0.0	0.0	1.0	0.0	0.0	0.0	0.0	0.0	0.0	0.0
Q1898	1.08491868054	6.69885146776	5.25792547128	5.0	6.82790697674	5.2465116279	1.97209302326	5.8976744186	0.0558139534884	0.0	1.75891425323	0.0	13.0	0.0	1.0	0.0	9.0	0.0	0.0	0.0	0.0	0.0	0.0	0.0	0.0	0.0	0.0	4.0	4.0	1.0	0.0	2.0	1.0	13.0	2.0	2.0	1.0	0.0	1.0	1.0	2.0	0.0	0.0	0.0	0.0	3.0	0.0	0.0	0.0
Q1903	0.807831631658	1.79398959667	1.50488275916	3.0	1.70697674419	1.31162790698	0.493023255814	1.47441860465	0.0139534883721	0.0	1.05439016441	1.0	1.0	0.0	0.0	0.0	0.0	0.0	0.0	0.0	0.0	0.0	0.0	0.0	0.0	0.0	0.0	0.0	0.0	0.0	0.0	0.0	0.0	1.0	1.0	0.0	1.0	0.0	0.0	0.0	0.0	0.0	0.0	0.0	0.0	0.0	0.0	0.0	0.0
Q1909	0.497307527155	1.49925951209	1.68706665337	0.0	1.25570776256	0.191780821918	0.223744292238	0.31506849315	0.013698630137	0.0	0.452052777257	0.0	1.0	0.0	0.0	0.0	1.0	0.0	0.0	0.0	0.0	0.0	0.0	0.0	0.0	0.0	0.0	1.0	0.0	0.0	0.0	0.0	1.0	0.0	0.0	0.0	0.0	0.0	0.0	0.0	0.0	0.0	1.0	0.0	0.0	0.0	0.0	0.0	0.0
Q1915	0.0	0.0682385989656	0.164989688467	1.0	0.603896103896	0.114718614719	0.0670995670996	0.2113997114	0.001443001443	0.001443001443	1e-15	0.0	0.0	0.0	0.0	0.0	0.0	0.0	0.0	0.0	0.0	0.0	0.0	0.0	0.0	0.0	0.0	0.0	0.0	0.0	0.0	0.0	0.0	1.0	0.0	0.0	0.0	0.0	0.0	0.0	0.0	0.0	0.0	0.0	0.0	0.0	0.0	0.0	0.0
Q1927	2.35715878756	13.2556063914	9.38723922414	2.0	8.04089219331	4.7620817844	1.40520446097	6.79182156133	0.0	0.0	1.95383858124	1.0	11.0	0.0	0.0	0.0	6.0	1.0	0.0	1.0	0.0	1.0	0.0	0.0	0.0	0.0	0.0	5.0	4.0	0.0	0.0	1.0	9.0	12.0	1.0	1.0	1.0	0.0	1.0	1.0	1.0	1.0	0.0	0.0	2.0	3.0	0.0	0.0	0.0
Q1978	0.0	0.280705762889	0.15716235131	0.0	0.339711664482	0.30878112713	0.110353866317	0.236435124509	0.00471821756225	0.0	1e-15	0.0	0.0	0.0	1.0	0.0	0.0	0.0	0.0	0.0	0.0	0.0	0.0	0.0	0.0	0.0	0.0	0.0	0.0	0.0	0.0	0.0	0.0	0.0	0.0	0.0	0.0	0.0	0.0	0.0	0.0	0.0	0.0	0.0	0.0	0.0	0.0	0.0	0.0
Q1985	0.188982236505	0.485603539138	0.18269602381	1.0	0.341395348837	0.262325581395	0.0986046511628	0.29488372093	0.00279069767442	0.0	0.138435071658	0.0	0.0	0.0	0.0	0.0	0.0	0.0	0.0	0.0	0.0	0.0	0.0	0.0	0.0	0.0	0.0	0.0	0.0	0.0	0.0	0.0	0.0	0.0	0.0	0.0	0.0	0.0	0.0	0.0	0.0	0.0	0.0	0.0	0.0	0.0	0.0	0.0	0.0
Q2000	0.129103490238	1.53070331796	2.01231687502	2.0	1.69855832241	1.54390563565	0.551769331585	1.18217562254	0.0235910878113	0.0	0.122568008886	0.0	2.0	0.0	0.0	0.0	2.0	1.0	0.0	0.0	0.0	0.0	0.0	0.0	0.0	0.0	0.0	1.0	0.0	0.0	0.0	0.0	1.0	0.0	0.0	1.0	0.0	0.0	0.0	0.0	0.0	0.0	2.0	0.0	0.0	0.0	1.0	0.0	0.0
Q2005	1.82462134254	5.53257811603	3.46020835464	0.0	4.47509225092	1.6688191882	0.89667896679	1.92619926199	0.0332103321033	0.0	1.8592505277	0.0	5.0	1.0	1.0	1.0	3.0	1.0	0.0	0.0	0.0	0.0	0.0	0.0	0.0	0.0	0.0	2.0	1.0	0.0	2.0	1.0	5.0	3.0	1.0	0.0	0.0	0.0	0.0	0.0	0.0	1.0	0.0	0.0	1.0	0.0	0.0	0.0	0.0
Q2014	0.474479967029	2.06798182101	1.76536210501	0.0	2.41558441558	0.458874458876	0.268398268398	0.8455988456	0.005772005772	0.005772005772	0.574176756781	0.0	3.0	0.0	0.0	0.0	1.0	0.0	0.0	0.0	0.0	0.0	0.0	0.0	0.0	0.0	0.0	0.0	0.0	1.0	0.0	0.0	1.0	1.0	0.0	0.0	0.0	0.0	0.0	0.0	0.0	0.0	0.0	0.0	1.0	1.0	0.0	0.0	0.0
Q2027	0.333890235046	1.85088787385	1.47714588801	1.0	1.69855832241	1.54390563565	0.551769331585	1.18217562254	0.0235910878113	0.0	0.474895380533	0.0	0.0	0.0	1.0	0.0	0.0	0.0	0.0	0.0	0.0	0.0	0.0	0.0	0.0	0.0	0.0	0.0	0.0	0.0	1.0	0.0	2.0	1.0	0.0	0.0	0.0	0.0	0.0	0.0	0.0	0.0	0.0	0.0	0.0	0.0	0.0	0.0	0.0
Q2033	1.84731794888	5.08418164789	5.57806288078	0.0	3.98009950249	0.65671641791	1.09452736318	2.26865671642	0.0	0.0	1.43227785092	0.0	1.0	0.0	0.0	0.0	0.0	0.0	0.0	0.0	0.0	0.0	0.0	0.0	0.0	0.0	0.0	1.0	0.0	0.0	0.0	0.0	0.0	0.0	0.0	0.0	0.0	0.0	0.0	0.0	1.0	0.0	0.0	0.0	0.0	0.0	0.0	0.0	0.0
Q2047	0.0620173672946	1.17834077284	1.89474101439	1.0	1.9889298893	0.741697416976	0.39852398524	0.856088560884	0.0147601476015	0.0	0.0697719051192	0.0	1.0	1.0	1.0	0.0	0.0	0.0	0.0	0.0	0.0	0.0	0.0	0.0	0.0	0.0	0.0	0.0	0.0	1.0	0.0	0.0	0.0	1.0	0.0	0.0	0.0	0.0	0.0	0.0	0.0	0.0	0.0	0.0	0.0	0.0	0.0	0.0	0.0
Q2063	0.720011224254	4.97495176569	5.87108151542	3.0	7.61518987342	2.95696202531	1.25569620253	4.13164556962	0.0405063291139	0.0	0.241695385312	0.0	5.0	0.0	0.0	0.0	1.0	0.0	1.0	1.0	0.0	0.0	0.0	0.0	0.0	0.0	0.0	2.0	3.0	0.0	0.0	0.0	1.0	7.0	1.0	1.0	0.0	0.0	0.0	0.0	0.0	0.0	0.0	0.0	0.0	0.0	0.0	0.0	0.0
Q2064	0.620615526583	1.89803874268	2.79046855869	1.0	2.625	0.145833333333	0.666666666668	0.5625	0.0	0.0	0.606529931846	0.0	3.0	0.0	0.0	0.0	1.0	0.0	1.0	0.0	0.0	0.0	0.0	0.0	0.0	0.0	0.0	0.0	2.0	0.0	0.0	0.0	1.0	2.0	0.0	0.0	0.0	0.0	0.0	0.0	0.0	0.0	0.0	0.0	0.0	0.0	0.0	0.0	0.0
Q2066	0.435948258582	1.87816411424	1.63412241071	0.0	2.04761904762	0.507936507936	0.460317460316	0.984126984128	0.0	0.0	0.323661943086	0.0	0.0	0.0	0.0	0.0	0.0	0.0	0.0	0.0	0.0	0.0	0.0	0.0	0.0	0.0	0.0	0.0	0.0	0.0	0.0	0.0	0.0	1.0	0.0	0.0	0.0	0.0	0.0	0.0	0.0	0.0	0.0	0.0	0.0	0.0	0.0	0.0	0.0
Q2067	0.143222974808	0.323374338005	0.283733507047	0.0	0.843665768194	0.33423180593	0.191374663073	0.592991913746	0.0377358490566	0.0	0.17277370498	1.0	0.0	0.0	0.0	0.0	0.0	0.0	0.0	0.0	0.0	0.0	0.0	0.0	0.0	0.0	0.0	0.0	0.0	0.0	0.0	0.0	1.0	1.0	0.0	0.0	0.0	0.0	0.0	0.0	0.0	0.0	0.0	0.0	0.0	0.0	0.0	0.0	0.0
Q2068	0.948787470655	2.66619587585	2.81190456363	0.0	3.13926940639	0.479452054794	0.559360730595	0.787671232875	0.0342465753425	0.0	1.23031948769	0.0	1.0	0.0	0.0	0.0	1.0	0.0	0.0	0.0	0.0	0.0	0.0	0.0	0.0	0.0	0.0	0.0	0.0	0.0	1.0	0.0	5.0	0.0	0.0	0.0	0.0	0.0	0.0	0.0	0.0	0.0	0.0	0.0	0.0	0.0	0.0	0.0	0.0
Q2085	0.463220257506	2.20231868919	3.10347255569	2.0	2.71769331586	2.47024901704	0.882830930536	1.89148099607	0.037745740498	0.0	0.581762670501	1.0	2.0	2.0	0.0	0.0	0.0	0.0	0.0	0.0	0.0	0.0	0.0	0.0	0.0	0.0	0.0	2.0	2.0	0.0	0.0	0.0	0.0	2.0	0.0	0.0	0.0	0.0	0.0	0.0	1.0	0.0	0.0	0.0	0.0	0.0	0.0	0.0	0.0
Q2088	1.3698698649	3.65991429078	4.72176739834	2.0	3.62337662338	0.688311688314	0.402597402598	1.2683982684	0.008658008658	0.008658008658	1.47189142948	0.0	2.0	1.0	0.0	0.0	0.0	0.0	0.0	0.0	0.0	0.0	0.0	0.0	0.0	0.0	0.0	1.0	0.0	2.0	0.0	0.0	0.0	3.0	3.0	0.0	0.0	0.0	0.0	0.0	0.0	0.0	1.0	0.0	0.0	1.0	0.0	0.0	0.0
Q2089	1.80430432173	3.21459587857	3.80318642665	1.0	2.93933054393	0.5230125523	0.407949790795	1.11924686193	0.010460251046	0.0	1.75245653434	0.0	2.0	0.0	0.0	0.0	2.0	1.0	1.0	0.0	0.0	0.0	0.0	0.0	0.0	0.0	0.0	1.0	1.0	1.0	0.0	0.0	4.0	2.0	1.0	0.0	0.0	0.0	0.0	0.0	0.0	0.0	1.0	1.0	0.0	0.0	0.0	2.0	0.0
Q2106	2.09371632613	5.57049233289	7.77893292098	2.0	5.48382749326	2.17250673855	1.24393530997	3.85444743935	0.245283018868	0.0	2.20938956685	0.0	5.0	0.0	1.0	0.0	4.0	0.0	1.0	0.0	0.0	0.0	0.0	0.0	0.0	0.0	0.0	1.0	1.0	0.0	1.0	0.0	3.0	3.0	0.0	0.0	1.0	0.0	0.0	2.0	0.0	0.0	0.0	0.0	0.0	1.0	0.0	0.0	0.0
Q2115	0.0	0.112911233445	0.27066598098	0.0	0.587866108787	0.10460251046	0.081589958159	0.223849372385	0.00209205020921	0.0	1e-15	0.0	0.0	0.0	0.0	0.0	0.0	0.0	0.0	0.0	0.0	0.0	0.0	0.0	0.0	0.0	0.0	0.0	0.0	0.0	1.0	0.0	0.0	0.0	0.0	0.0	0.0	0.0	0.0	0.0	0.0	0.0	0.0	0.0	0.0	0.0	0.0	0.0	0.0
Q2116	0.476205129907	2.60979004689	1.74516865317	0.0	2.48616236162	0.92712177122	0.49815498155	1.0701107011	0.0184501845019	0.0	0.431800156237	0.0	3.0	0.0	4.0	0.0	2.0	0.0	0.0	0.0	0.0	0.0	0.0	0.0	1.0	0.0	0.0	2.0	0.0	1.0	1.0	0.0	1.0	2.0	4.0	1.0	0.0	0.0	0.0	1.0	0.0	1.0	0.0	0.0	0.0	1.0	0.0	0.0	0.0
Q2118	0.372630914316	1.67987814784	1.04242826086	0.0	1.81168831169	0.344155844157	0.201298701299	0.6341991342	0.004329004329	0.004329004329	0.488153023396	0.0	0.0	0.0	1.0	0.0	0.0	0.0	0.0	0.0	0.0	0.0	0.0	0.0	0.0	0.0	0.0	1.0	1.0	1.0	0.0	0.0	2.0	1.0	1.0	0.0	1.0	0.0	1.0	0.0	0.0	0.0	0.0	0.0	0.0	0.0	0.0	0.0	0.0
Q2123	0.264067808335	2.80342802364	1.44356120674	3.0	3.47783933518	0.772853185596	0.590027700831	1.15512465374	0.00415512465374	0.0	0.476190336268	0.0	6.0	0.0	2.0	0.0	4.0	0.0	1.0	0.0	2.0	0.0	0.0	0.0	0.0	0.0	0.0	1.0	3.0	1.0	1.0	0.0	3.0	5.0	0.0	0.0	2.0	0.0	0.0	0.0	2.0	0.0	0.0	0.0	0.0	0.0	0.0	0.0	1.0
Q2129	0.424340674973	1.12239310373	1.41861569638	2.0	2.37974683544	0.92405063291	0.392405063291	1.29113924051	0.0126582278481	0.0	0.519127843123	0.0	2.0	0.0	0.0	0.0	1.0	0.0	0.0	0.0	0.0	0.0	0.0	0.0	0.0	0.0	0.0	0.0	0.0	0.0	0.0	1.0	1.0	2.0	0.0	0.0	0.0	0.0	0.0	0.0	0.0	0.0	0.0	0.0	0.0	0.0	0.0	0.0	0.0
Q2133	0.852717939081	1.57895270979	2.30174694716	0.0	2.51141552512	0.383561643836	0.447488584476	0.6301369863	0.027397260274	0.0	0.400553746892	0.0	2.0	0.0	1.0	0.0	0.0	0.0	0.0	0.0	0.0	0.0	0.0	0.0	0.0	0.0	0.0	1.0	0.0	0.0	0.0	0.0	3.0	0.0	1.0	0.0	0.0	0.0	0.0	0.0	0.0	0.0	0.0	0.0	0.0	0.0	0.0	0.0	0.0
Q2139	0.511407780607	1.0954101959	1.54130720964	1.0	2.89819944599	0.64404432133	0.491689750692	0.962603878115	0.00346260387812	0.0	0.512423528322	0.0	1.0	0.0	0.0	0.0	0.0	0.0	0.0	0.0	0.0	0.0	0.0	0.0	0.0	0.0	0.0	0.0	0.0	0.0	0.0	1.0	0.0	0.0	0.0	0.0	0.0	0.0	0.0	0.0	0.0	0.0	0.0	0.0	0.0	0.0	0.0	0.0	0.0
Q2145	0.0	-0.02153633284	0.0531862592075	0.0	0.627853881279	0.0958904109589	0.111872146119	0.157534246575	0.00684931506849	0.0	1e-15	1.0	0.0	0.0	0.0	0.0	0.0	0.0	0.0	0.0	0.0	0.0	0.0	0.0	0.0	0.0	0.0	0.0	0.0	0.0	0.0	0.0	0.0	0.0	0.0	0.0	0.0	0.0	0.0	0.0	0.0	0.0	0.0	0.0	0.0	0.0	0.0	0.0	0.0
Q2158	0.208514414057	1.36010186901	0.873238722549	1.0	1.81168831169	0.344155844157	0.201298701299	0.6341991342	0.004329004329	0.004329004329	0.189014917678	0.0	2.0	0.0	1.0	0.0	0.0	0.0	0.0	0.0	0.0	0.0	0.0	0.0	0.0	0.0	0.0	0.0	0.0	0.0	0.0	0.0	1.0	1.0	0.0	0.0	0.0	0.0	0.0	0.0	0.0	0.0	0.0	0.0	1.0	0.0	0.0	0.0	0.0
Q2162	0.0	0.319768223906	0.713937197205	0.0	0.370629370629	0.314685314685	0.041958041958	0.265734265734	0.00699300699301	0.0	1e-15	0.0	1.0	0.0	0.0	0.0	0.0	0.0	0.0	0.0	0.0	0.0	0.0	0.0	0.0	0.0	0.0	0.0	0.0	0.0	0.0	0.0	0.0	0.0	0.0	0.0	0.0	0.0	0.0	0.0	0.0	0.0	0.0	0.0	0.0	0.0	0.0	0.0	0.0
Q2188	1.04441544865	4.14278062658	4.91288522594	0.0	4.97512437811	0.820895522388	1.36815920398	2.83582089552	0.0	0.0	0.954584095008	0.0	3.0	0.0	0.0	0.0	3.0	0.0	0.0	1.0	0.0	0.0	0.0	0.0	0.0	0.0	0.0	1.0	3.0	0.0	1.0	1.0	0.0	4.0	0.0	0.0	0.0	0.0	0.0	0.0	0.0	0.0	0.0	0.0	1.0	0.0	0.0	0.0	0.0
Q2189	6.19651704248	44.5964015282	34.0231212155	0.0	44.2632911393	17.1873417721	7.29873417721	24.0151898734	0.235443037975	0.0	5.67512224437	16.0	57.0	2.0	21.0	0.0	36.0	3.0	7.0	2.0	1.0	3.0	0.0	2.0	0.0	0.0	1.0	29.0	22.0	7.0	5.0	3.0	26.0	70.0	20.0	8.0	2.0	0.0	2.0	11.0	7.0	7.0	0.0	2.0	10.0	15.0	1.0	6.0	1.0
Q2200	0.337764333012	1.94279912438	1.90270693771	1.0	3.53741496599	0.442176870748	0.272108843537	0.74829931973	0.0	0.0	0.487415288289	0.0	0.0	0.0	0.0	0.0	0.0	0.0	0.0	0.0	0.0	0.0	0.0	0.0	0.0	0.0	0.0	0.0	0.0	0.0	0.0	0.0	0.0	2.0	1.0	0.0	1.0	0.0	0.0	0.0	0.0	0.0	0.0	0.0	0.0	0.0	0.0	0.0	0.0
Q2232	0.444618002297	5.0203266999	6.85698156816	1.0	12.6818181818	2.4090909091	1.40909090909	4.4393939394	0.030303030303	0.030303030303	0.415503556979	0.0	12.0	3.0	2.0	0.0	7.0	1.0	0.0	1.0	1.0	0.0	0.0	0.0	1.0	0.0	0.0	5.0	5.0	1.0	4.0	0.0	2.0	10.0	2.0	1.0	0.0	0.0	0.0	1.0	1.0	2.0	0.0	0.0	1.0	0.0	0.0	0.0	0.0
Q2261	0.843618653351	3.83196383878	4.4193346167	1.0	2.71769331586	2.47024901704	0.882830930536	1.89148099607	0.037745740498	0.0	0.93068170721	1.0	3.0	0.0	0.0	0.0	2.0	0.0	0.0	0.0	0.0	0.0	0.0	0.0	0.0	0.0	0.0	3.0	2.0	0.0	1.0	0.0	1.0	3.0	1.0	0.0	0.0	0.0	0.0	0.0	0.0	0.0	0.0	0.0	0.0	1.0	0.0	0.0	0.0
Q2265	1.38952492912	6.79564888484	8.44566434815	2.0	6.03896103896	1.14718614719	0.670995670996	2.113997114	0.01443001443	0.01443001443	1.01816286169	0.0	6.0	0.0	2.0	0.0	2.0	0.0	2.0	0.0	0.0	0.0	0.0	0.0	0.0	0.0	0.0	2.0	0.0	0.0	1.0	0.0	4.0	3.0	0.0	0.0	0.0	0.0	0.0	0.0	0.0	0.0	0.0	1.0	1.0	0.0	0.0	0.0	0.0
Q2295	0.267261241912	0.441993539415	0.682410452689	0.0	1.49003984064	0.0637450199204	0.223107569722	0.223107569722	0.0	0.0	0.158057012682	0.0	1.0	0.0	0.0	0.0	1.0	0.0	1.0	0.0	0.0	0.0	0.0	0.0	0.0	0.0	0.0	0.0	0.0	0.0	1.0	0.0	1.0	0.0	0.0	0.0	0.0	0.0	0.0	0.0	0.0	0.0	0.0	0.0	0.0	0.0	0.0	0.0	0.0
Q2297	0.547722557505	1.61632854056	1.84153317651	0.0	1.17573221757	0.20920502092	0.163179916318	0.44769874477	0.00418410041842	0.0	0.598500115073	0.0	2.0	0.0	0.0	0.0	1.0	0.0	0.0	0.0	0.0	0.0	0.0	0.0	0.0	0.0	0.0	1.0	0.0	0.0	1.0	0.0	0.0	1.0	1.0	0.0	0.0	0.0	0.0	0.0	0.0	0.0	0.0	0.0	0.0	0.0	0.0	0.0	0.0
Q2307	0.208145407299	0.781132851819	0.475153415671	0.0	0.99446494465	0.370848708488	0.19926199262	0.428044280442	0.00738007380074	0.0	0.143714642086	0.0	2.0	0.0	0.0	0.0	1.0	0.0	0.0	0.0	0.0	0.0	0.0	0.0	0.0	0.0	0.0	1.0	0.0	0.0	0.0	0.0	0.0	0.0	0.0	0.0	0.0	0.0	0.0	1.0	0.0	0.0	0.0	0.0	0.0	0.0	0.0	0.0	0.0
Q2310	3.03137788205	11.5107143819	10.5315257975	8.0	11.5501965924	10.4985583224	3.75203145478	8.03879423331	0.160419397116	0.0	3.03839317036	14.0	15.0	1.0	9.0	0.0	7.0	0.0	1.0	2.0	0.0	0.0	0.0	0.0	0.0	0.0	0.0	4.0	3.0	0.0	0.0	1.0	5.0	13.0	7.0	1.0	1.0	0.0	0.0	0.0	0.0	0.0	0.0	0.0	1.0	0.0	0.0	0.0	0.0
Q2341	0.258198889747	1.14616390037	1.60809308164	0.0	1.49003984064	0.0637450199204	0.223107569722	0.223107569722	0.0	0.0	0.257612824165	0.0	0.0	0.0	0.0	0.0	0.0	0.0	0.0	0.0	0.0	0.0	0.0	0.0	0.0	0.0	0.0	0.0	0.0	0.0	0.0	0.0	1.0	1.0	0.0	0.0	0.0	0.0	1.0	0.0	0.0	0.0	0.0	0.0	1.0	0.0	0.0	0.0	0.0
Q2355	2.00641786456	4.28474339734	2.92755162851	1.0	3.62337662338	0.688311688314	0.402597402598	1.2683982684	0.008658008658	0.008658008658	2.1689080749	0.0	3.0	1.0	0.0	0.0	1.0	0.0	1.0	0.0	0.0	0.0	0.0	0.0	0.0	0.0	0.0	1.0	0.0	0.0	0.0	1.0	4.0	1.0	0.0	0.0	0.0	0.0	0.0	0.0	0.0	0.0	1.0	0.0	0.0	0.0	0.0	0.0	0.0
Q2362	1.00888209514	2.2568391324	1.79996738797	0.0	3.62337662338	0.688311688314	0.402597402598	1.2683982684	0.008658008658	0.008658008658	0.908652368274	0.0	6.0	0.0	1.0	0.0	2.0	1.0	0.0	0.0	0.0	0.0	0.0	0.0	0.0	0.0	0.0	2.0	0.0	0.0	2.0	0.0	2.0	0.0	0.0	0.0	0.0	0.0	0.0	1.0	0.0	0.0	0.0	0.0	0.0	0.0	0.0	0.0	0.0
Q2366	1.66648043936	4.85834410063	5.38664368854	0.0	5.2277904328	1.26423690205	1.09339407745	2.3576309795	0.0569476082005	0.0	1.91401178634	3.0	3.0	0.0	1.0	0.0	1.0	0.0	0.0	0.0	0.0	0.0	0.0	0.0	0.0	0.0	0.0	0.0	1.0	1.0	1.0	0.0	2.0	3.0	1.0	0.0	0.0	0.0	0.0	0.0	0.0	0.0	0.0	0.0	0.0	0.0	0.0	0.0	0.0
Q2391	1.09000351367	2.39678344231	2.59273496881	1.0	1.88356164384	0.287671232877	0.335616438357	0.472602739725	0.0205479452055	0.0	1.02144032102	0.0	0.0	0.0	0.0	0.0	0.0	0.0	0.0	0.0	0.0	0.0	0.0	0.0	0.0	0.0	0.0	0.0	0.0	0.0	1.0	0.0	1.0	1.0	1.0	2.0	0.0	0.0	0.0	0.0	0.0	0.0	0.0	0.0	0.0	0.0	0.0	0.0	0.0
Q2410	0.390094748803	0.853726052687	0.937169959171	0.0	0.603896103896	0.114718614719	0.0670995670996	0.2113997114	0.001443001443	0.001443001443	0.378201289168	0.0	1.0	0.0	0.0	0.0	1.0	0.0	0.0	0.0	0.0	0.0	0.0	0.0	0.0	0.0	0.0	0.0	0.0	0.0	0.0	0.0	0.0	0.0	0.0	0.0	0.0	0.0	0.0	0.0	0.0	0.0	0.0	0.0	0.0	0.0	0.0	0.0	0.0
Q2435	1.34715062811	1.95474186583	1.85251278494	0.0	2.35146443515	0.41841004184	0.326359832636	0.89539748954	0.00836820083684	0.0	1.24131040125	0.0	4.0	0.0	0.0	0.0	1.0	0.0	0.0	0.0	0.0	0.0	0.0	0.0	0.0	0.0	0.0	0.0	0.0	0.0	1.0	0.0	0.0	0.0	0.0	0.0	0.0	0.0	0.0	0.0	0.0	1.0	0.0	0.0	0.0	0.0	0.0	0.0	0.0
Q2450	0.279763635726	0.671596392155	0.553831852828	1.0	1.30769230769	0.0961538461538	0.201923076924	0.39423076923	0.0	0.0	0.43292557937	0.0	1.0	1.0	0.0	0.0	0.0	0.0	0.0	0.0	0.0	0.0	0.0	0.0	0.0	0.0	0.0	0.0	1.0	0.0	0.0	0.0	0.0	1.0	0.0	0.0	0.0	0.0	1.0	0.0	0.0	0.0	0.0	0.0	0.0	0.0	0.0	0.0	0.0
Q2455	0.225794385845	1.96264340829	1.70092746231	0.0	1.81168831169	0.344155844157	0.201298701299	0.6341991342	0.004329004329	0.004329004329	0.218422869902	0.0	2.0	0.0	0.0	0.0	1.0	0.0	0.0	0.0	0.0	0.0	0.0	0.0	0.0	0.0	1.0	0.0	0.0	0.0	1.0	0.0	2.0	2.0	0.0	0.0	2.0	0.0	0.0	0.0	0.0	0.0	1.0	0.0	1.0	1.0	0.0	0.0	0.0
Q2505	1.02380876878	1.92094343179	1.94321472512	0.0	1.88356164384	0.287671232877	0.335616438357	0.472602739725	0.0205479452055	0.0	1.24054213865	0.0	3.0	0.0	0.0	0.0	0.0	0.0	0.0	0.0	0.0	0.0	0.0	0.0	0.0	0.0	0.0	0.0	0.0	0.0	0.0	0.0	1.0	0.0	0.0	0.0	0.0	0.0	0.0	0.0	1.0	0.0	0.0	0.0	0.0	0.0	0.0	0.0	0.0
Q2519	1.16661531337	4.28616038264	3.92142718057	5.0	4.21832884097	1.67115902965	0.956873315364	2.96495956873	0.188679245283	0.0	0.813709204109	0.0	6.0	0.0	1.0	0.0	2.0	0.0	0.0	0.0	0.0	0.0	0.0	0.0	0.0	0.0	0.0	4.0	1.0	0.0	1.0	0.0	2.0	5.0	0.0	0.0	0.0	0.0	1.0	0.0	0.0	0.0	0.0	0.0	2.0	0.0	0.0	0.0	0.0
Q2549	0.0	0.449735390823	0.140113029234	0.0	0.339711664482	0.30878112713	0.110353866317	0.236435124509	0.00471821756225	0.0	1e-15	0.0	0.0	0.0	0.0	0.0	0.0	0.0	0.0	0.0	0.0	0.0	0.0	0.0	0.0	0.0	0.0	0.0	0.0	0.0	0.0	0.0	0.0	0.0	0.0	0.0	0.0	0.0	0.0	0.0	0.0	0.0	0.0	0.0	0.0	0.0	0.0	0.0	0.0
Q2564	1.34608854497	3.45773060386	3.6499736765	1.0	3.07142857143	0.761904761904	0.690476190474	1.47619047619	0.0	0.0	1.71824426266	1.0	1.0	0.0	0.0	0.0	1.0	0.0	0.0	0.0	0.0	0.0	0.0	0.0	0.0	0.0	0.0	0.0	1.0	1.0	0.0	0.0	0.0	1.0	1.0	0.0	1.0	0.0	0.0	0.0	0.0	0.0	0.0	0.0	0.0	0.0	0.0	0.0	0.0
Q2568	0.94756099332	1.59376836823	1.26462301457	0.0	1.31742243437	0.157517899761	0.238663484486	0.286396181384	0.0	0.0	1.17829575044	0.0	2.0	2.0	1.0	0.0	0.0	0.0	0.0	0.0	0.0	0.0	0.0	0.0	0.0	0.0	0.0	0.0	0.0	0.0	0.0	1.0	0.0	0.0	0.0	0.0	1.0	0.0	0.0	0.0	0.0	0.0	0.0	0.0	0.0	0.0	0.0	0.0	0.0
Q2575	0.817434665889	2.06588514666	1.83381341248	0.0	3.01948051948	0.573593073595	0.335497835498	1.056998557	0.007215007215	0.007215007215	1.11573673636	0.0	2.0	1.0	0.0	0.0	1.0	0.0	0.0	0.0	0.0	0.0	0.0	0.0	0.0	0.0	0.0	0.0	2.0	0.0	0.0	0.0	2.0	4.0	1.0	0.0	1.0	0.0	0.0	1.0	0.0	0.0	0.0	1.0	0.0	0.0	0.0	0.0	0.0
Q2581	3.30774370548	10.9948634494	11.5359585381	0.0	9.66233766234	1.8354978355	1.07359307359	3.3823953824	0.023088023088	0.023088023088	2.98505656945	2.0	13.0	0.0	0.0	0.0	10.0	1.0	0.0	0.0	3.0	0.0	1.0	0.0	0.0	0.0	0.0	7.0	7.0	0.0	1.0	1.0	6.0	15.0	3.0	0.0	1.0	0.0	0.0	2.0	0.0	1.0	0.0	0.0	2.0	1.0	2.0	1.0	0.0
Q2589	0.373001923296	1.07087318881	1.02237109432	0.0	1.02418604651	0.786976744185	0.295813953488	0.88465116279	0.00837209302326	0.0	0.482212647387	0.0	0.0	0.0	0.0	0.0	0.0	0.0	0.0	0.0	0.0	0.0	0.0	0.0	0.0	0.0	0.0	0.0	0.0	0.0	0.0	0.0	0.0	2.0	0.0	0.0	0.0	0.0	0.0	0.0	0.0	0.0	0.0	0.0	0.0	0.0	0.0	0.0	0.0
Q2594	2.17527882964	9.62888934946	12.8541084802	0.0	8.15384615384	6.92307692307	0.923076923076	5.84615384615	0.153846153846	0.0	2.63187260068	0.0	5.0	2.0	0.0	0.0	2.0	0.0	0.0	0.0	0.0	0.0	0.0	0.0	0.0	0.0	0.0	1.0	2.0	2.0	2.0	0.0	4.0	9.0	2.0	0.0	0.0	0.0	0.0	0.0	0.0	0.0	0.0	0.0	0.0	0.0	0.0	0.0	0.0
